/Users/kumacmini/Library/CloudStorage/Dropbox/Coding/time-series/data/historical_data/PDCO.csv