Date,Open,High,Low,Close,Volume,Dividends,Stock Splits
2015-03-20 00:00:00+09:00,205.19043240017362,214.51727023654513,205.19043240017362,209.85385131835938,34020,0.0,0.0
2015-03-23 00:00:00+09:00,209.85385131835938,214.51727023654513,209.85385131835938,209.85385131835938,33600,0.0,0.0
2015-03-24 00:00:00+09:00,209.85385397206184,219.1806919263757,205.1904349949049,214.51727294921875,35780,0.0,0.0
2015-03-25 00:00:00+09:00,209.85385131835938,214.51727023654513,209.85385131835938,209.85385131835938,11940,0.0,0.0
2015-03-26 00:00:00+09:00,209.85385131835938,214.51727023654513,209.85385131835938,209.85385131835938,10000,0.0,0.0
2015-03-27 00:00:00+09:00,209.8538641496138,214.51728335293856,205.19044494628906,205.19044494628906,62080,0.0,0.0
2015-03-30 00:00:00+09:00,205.19043240017362,214.51727023654513,205.19043240017362,209.85385131835938,37660,0.0,0.0
2015-03-31 00:00:00+09:00,209.85385131835938,214.51727023654513,209.85385131835938,209.85385131835938,12240,0.0,0.0
2015-04-01 00:00:00+09:00,214.51727023654513,214.51727023654513,205.19043240017362,209.85385131835938,26160,0.0,0.0
2015-04-02 00:00:00+09:00,209.8538641496138,209.8538641496138,205.19044494628906,205.19044494628906,21700,0.0,0.0
2015-04-03 00:00:00+09:00,209.85385131835938,209.85385131835938,205.19043240017362,209.85385131835938,28100,0.0,0.0
2015-04-06 00:00:00+09:00,209.85385651284076,228.50753264731551,205.19043747922208,219.18069458007812,136480,0.0,0.0
2015-04-07 00:00:00+09:00,219.180682182312,223.84410095214844,214.5172634124756,223.84410095214844,14280,0.0,0.0
2015-04-08 00:00:00+09:00,219.180682182312,223.84410095214844,214.5172634124756,223.84410095214844,12620,0.0,0.0
2015-04-09 00:00:00+09:00,219.18069458007812,219.18069458007812,214.51727554645944,219.18069458007812,8760,0.0,0.0
2015-04-10 00:00:00+09:00,219.18069458007812,219.18069458007812,214.51727554645944,219.18069458007812,4380,0.0,0.0
2015-04-13 00:00:00+09:00,219.18069458007812,219.18069458007812,214.51727554645944,219.18069458007812,20340,0.0,0.0
2015-04-14 00:00:00+09:00,219.1806919263757,219.1806919263757,209.85385397206184,214.51727294921875,56040,0.0,0.0
2015-04-15 00:00:00+09:00,209.85385397206184,219.1806919263757,209.85385397206184,214.51727294921875,97260,0.0,0.0
2015-04-16 00:00:00+09:00,214.51727294921875,214.51727294921875,209.85385397206184,214.51727294921875,12820,0.0,0.0
2015-04-17 00:00:00+09:00,214.51727023654513,214.51727023654513,209.85385131835938,209.85385131835938,27060,0.0,0.0
2015-04-20 00:00:00+09:00,209.85385131835938,214.51727023654513,209.85385131835938,209.85385131835938,59480,0.0,0.0
2015-04-21 00:00:00+09:00,209.85385131835938,209.85385131835938,205.19043240017362,209.85385131835938,34680,0.0,0.0
2015-04-22 00:00:00+09:00,209.85385131835938,209.85385131835938,209.85385131835938,209.85385131835938,20960,0.0,0.0
2015-04-23 00:00:00+09:00,209.85385131835938,214.51727023654513,209.85385131835938,209.85385131835938,22220,0.0,0.0
2015-04-24 00:00:00+09:00,209.8538641496138,214.51728335293856,205.19044494628906,205.19044494628906,77840,0.0,0.0
2015-04-27 00:00:00+09:00,205.19044494628906,209.8538641496138,205.19044494628906,205.19044494628906,19260,0.0,0.0
2015-04-28 00:00:00+09:00,209.8538641496138,209.8538641496138,205.19044494628906,205.19044494628906,6960,0.0,0.0
2015-04-30 00:00:00+09:00,205.19044494628906,209.8538641496138,205.19044494628906,205.19044494628906,34060,0.0,0.0
2015-05-01 00:00:00+09:00,205.19044494628906,209.8538641496138,200.5270257429643,205.19044494628906,24800,0.0,0.0
2015-05-07 00:00:00+09:00,205.19044494628906,209.8538641496138,200.5270257429643,205.19044494628906,9860,0.0,0.0
2015-05-08 00:00:00+09:00,205.19044494628906,209.8538641496138,200.5270257429643,205.19044494628906,9700,0.0,0.0
2015-05-11 00:00:00+09:00,205.19043240017362,209.85385131835938,205.19043240017362,209.85385131835938,10740,0.0,0.0
2015-05-12 00:00:00+09:00,209.85385131835938,209.85385131835938,205.19043240017362,209.85385131835938,4780,0.0,0.0
2015-05-13 00:00:00+09:00,205.19044494628906,209.8538641496138,205.19044494628906,205.19044494628906,37440,0.0,0.0
2015-05-14 00:00:00+09:00,205.19044494628906,205.19044494628906,200.5270257429643,205.19044494628906,26040,0.0,0.0
2015-05-15 00:00:00+09:00,205.19044494628906,209.8538641496138,200.5270257429643,205.19044494628906,11900,0.0,0.0
2015-05-18 00:00:00+09:00,205.19044494628906,209.8538641496138,200.5270257429643,205.19044494628906,25040,0.0,0.0
2015-05-19 00:00:00+09:00,205.19044494628906,209.8538641496138,200.5270257429643,205.19044494628906,10060,0.0,0.0
2015-05-20 00:00:00+09:00,209.8538641496138,209.8538641496138,205.19044494628906,205.19044494628906,14760,0.0,0.0
2015-05-21 00:00:00+09:00,209.85385131835938,209.85385131835938,205.19043240017362,209.85385131835938,4760,0.0,0.0
2015-05-22 00:00:00+09:00,209.8538641496138,209.8538641496138,200.5270257429643,205.19044494628906,38400,0.0,0.0
2015-05-25 00:00:00+09:00,205.19044494628906,209.8538641496138,205.19044494628906,205.19044494628906,20780,0.0,0.0
2015-05-26 00:00:00+09:00,205.19043240017362,209.85385131835938,205.19043240017362,209.85385131835938,1540,0.0,0.0
2015-05-27 00:00:00+09:00,209.8538641496138,209.8538641496138,200.5270257429643,205.19044494628906,32040,0.0,0.0
2015-05-28 00:00:00+09:00,205.19043240017362,209.85385131835938,205.19043240017362,209.85385131835938,11140,0.0,0.0
2015-05-29 00:00:00+09:00,209.8538641496138,209.8538641496138,200.5270257429643,205.19044494628906,7980,0.0,0.0
2015-06-01 00:00:00+09:00,205.19044494628906,209.8538641496138,200.5270257429643,205.19044494628906,25820,0.0,0.0
2015-06-02 00:00:00+09:00,205.19044494628906,205.19044494628906,205.19044494628906,205.19044494628906,3960,0.0,0.0
2015-06-03 00:00:00+09:00,205.19043240017362,209.85385131835938,205.19043240017362,209.85385131835938,10380,0.0,0.0
2015-06-04 00:00:00+09:00,205.19044494628906,209.8538641496138,205.19044494628906,205.19044494628906,7260,0.0,0.0
2015-06-05 00:00:00+09:00,205.19043240017362,219.1806891547309,205.19043240017362,209.85385131835938,121900,0.0,0.0
2015-06-08 00:00:00+09:00,214.51727023654513,214.51727023654513,209.85385131835938,209.85385131835938,31520,0.0,0.0
2015-06-09 00:00:00+09:00,209.85385131835938,214.51727023654513,209.85385131835938,209.85385131835938,10460,0.0,0.0
2015-06-10 00:00:00+09:00,214.51727023654513,214.51727023654513,205.19043240017362,209.85385131835938,35920,0.0,0.0
2015-06-11 00:00:00+09:00,209.85385131835938,209.85385131835938,205.19043240017362,209.85385131835938,9880,0.0,0.0
2015-06-12 00:00:00+09:00,209.8538641496138,209.8538641496138,205.19044494628906,205.19044494628906,7500,0.0,0.0
2015-06-15 00:00:00+09:00,205.19044494628906,209.8538641496138,205.19044494628906,205.19044494628906,11020,0.0,0.0
2015-06-16 00:00:00+09:00,205.19043240017362,214.51727023654513,205.19043240017362,209.85385131835938,32920,0.0,0.0
2015-06-17 00:00:00+09:00,209.85385131835938,209.85385131835938,205.19043240017362,209.85385131835938,4280,0.0,0.0
2015-06-18 00:00:00+09:00,205.19044494628906,209.8538641496138,200.5270257429643,205.19044494628906,76740,0.0,0.0
2015-06-19 00:00:00+09:00,200.5270233154297,205.19044246230015,200.5270233154297,200.5270233154297,8600,0.0,0.0
2015-06-22 00:00:00+09:00,200.5270257429643,209.8538641496138,200.5270257429643,205.19044494628906,38040,0.0,0.0
2015-06-23 00:00:00+09:00,205.19043240017362,214.51727023654513,205.19043240017362,209.85385131835938,31240,0.0,0.0
2015-06-24 00:00:00+09:00,209.85385397206184,219.1806919263757,209.85385397206184,214.51727294921875,42760,0.0,0.0
2015-06-25 00:00:00+09:00,214.51727294921875,214.51727294921875,209.85385397206184,214.51727294921875,29240,0.0,0.0
2015-06-26 00:00:00+09:00,219.18069458007812,219.18069458007812,209.85385651284076,219.18069458007812,36260,0.0,0.0
2015-06-29 00:00:00+09:00,214.51728335293856,214.51728335293856,205.19044494628906,205.19044494628906,67780,0.0,0.0
2015-06-30 00:00:00+09:00,205.19044494628906,209.8538641496138,205.19044494628906,205.19044494628906,9820,0.0,0.0
2015-07-01 00:00:00+09:00,209.85385131835938,214.51727023654513,205.19043240017362,209.85385131835938,48200,0.0,0.0
2015-07-02 00:00:00+09:00,214.51727023654513,214.51727023654513,205.19043240017362,209.85385131835938,10380,0.0,0.0
2015-07-03 00:00:00+09:00,209.85385131835938,214.51727023654513,205.19043240017362,209.85385131835938,21460,0.0,0.0
2015-07-06 00:00:00+09:00,209.8538641496138,209.8538641496138,205.19044494628906,205.19044494628906,35680,0.0,0.0
2015-07-07 00:00:00+09:00,205.19044494628906,209.8538641496138,205.19044494628906,205.19044494628906,7540,0.0,0.0
2015-07-08 00:00:00+09:00,205.19044246230015,205.19044246230015,200.5270233154297,200.5270233154297,22120,0.0,0.0
2015-07-09 00:00:00+09:00,200.5270233154297,200.5270233154297,191.20018502168878,200.5270233154297,100200,0.0,0.0
2015-07-10 00:00:00+09:00,195.86360416855922,200.5270233154297,195.86360416855922,200.5270233154297,13520,0.0,0.0
2015-07-13 00:00:00+09:00,200.5270257429643,205.19044494628906,195.86360653963956,205.19044494628906,17540,0.0,0.0
2015-07-14 00:00:00+09:00,205.19043240017362,214.51727023654513,200.52701348198784,209.85385131835938,115260,0.0,0.0
2015-07-15 00:00:00+09:00,205.19044494628906,214.51728335293856,205.19044494628906,205.19044494628906,48120,0.0,0.0
2015-07-16 00:00:00+09:00,209.85385131835938,209.85385131835938,200.52701348198784,209.85385131835938,204400,0.0,0.0
2015-07-17 00:00:00+09:00,205.19043240017362,209.85385131835938,205.19043240017362,209.85385131835938,60560,0.0,0.0
2015-07-21 00:00:00+09:00,205.19043240017362,209.85385131835938,205.19043240017362,209.85385131835938,60680,0.0,0.0
2015-07-22 00:00:00+09:00,209.8538641496138,209.8538641496138,200.5270257429643,205.19044494628906,70620,0.0,0.0
2015-07-23 00:00:00+09:00,209.85385131835938,209.85385131835938,205.19043240017362,209.85385131835938,13140,0.0,0.0
2015-07-24 00:00:00+09:00,209.85385131835938,209.85385131835938,205.19043240017362,209.85385131835938,17140,0.0,0.0
2015-07-27 00:00:00+09:00,209.85385131835938,209.85385131835938,205.19043240017362,209.85385131835938,58200,0.0,0.0
2015-07-28 00:00:00+09:00,209.85385131835938,209.85385131835938,205.19043240017362,209.85385131835938,81600,0.0,0.0
2015-07-29 00:00:00+09:00,209.85385131835938,214.51727023654513,209.85385131835938,209.85385131835938,24780,0.0,0.0
2015-07-30 00:00:00+09:00,209.85385131835938,214.51727023654513,209.85385131835938,209.85385131835938,6600,0.0,0.0
2015-07-31 00:00:00+09:00,209.85385131835938,214.51727023654513,205.19043240017362,209.85385131835938,1853380,0.0,0.0
2015-08-03 00:00:00+09:00,209.8538641496138,209.8538641496138,200.5270257429643,205.19044494628906,84400,0.0,0.0
2015-08-04 00:00:00+09:00,205.19044494628906,209.8538641496138,200.5270257429643,205.19044494628906,36280,0.0,0.0
2015-08-05 00:00:00+09:00,205.19044494628906,205.19044494628906,205.19044494628906,205.19044494628906,9580,0.0,0.0
2015-08-06 00:00:00+09:00,205.19044494628906,209.8538641496138,205.19044494628906,205.19044494628906,11180,0.0,0.0
2015-08-07 00:00:00+09:00,205.19044494628906,209.8538641496138,200.5270257429643,205.19044494628906,39840,0.0,0.0
2015-08-10 00:00:00+09:00,205.19044494628906,209.8538641496138,200.5270257429643,205.19044494628906,33460,0.0,0.0
2015-08-11 00:00:00+09:00,205.19044494628906,209.8538641496138,205.19044494628906,205.19044494628906,3400,0.0,0.0
2015-08-12 00:00:00+09:00,209.8538641496138,209.8538641496138,205.19044494628906,205.19044494628906,7460,0.0,0.0
2015-08-13 00:00:00+09:00,205.19043240017362,209.85385131835938,205.19043240017362,209.85385131835938,16900,0.0,0.0
2015-08-14 00:00:00+09:00,205.19043240017362,209.85385131835938,205.19043240017362,209.85385131835938,19000,0.0,0.0
2015-08-17 00:00:00+09:00,209.85385131835938,209.85385131835938,205.19043240017362,209.85385131835938,20620,0.0,0.0
2015-08-18 00:00:00+09:00,209.85385131835938,209.85385131835938,205.19043240017362,209.85385131835938,23680,0.0,0.0
2015-08-19 00:00:00+09:00,209.85385131835938,209.85385131835938,205.19043240017362,209.85385131835938,49460,0.0,0.0
2015-08-20 00:00:00+09:00,205.19044494628906,209.8538641496138,205.19044494628906,205.19044494628906,30020,0.0,0.0
2015-08-21 00:00:00+09:00,205.19044494628906,205.19044494628906,200.5270257429643,205.19044494628906,107540,0.0,0.0
2015-08-24 00:00:00+09:00,195.8635711669922,200.52698952811105,191.20015280587333,195.8635711669922,126020,0.0,0.0
2015-08-25 00:00:00+09:00,191.20018502168878,200.5270233154297,186.53676587481831,200.5270233154297,115160,0.0,0.0
2015-08-26 00:00:00+09:00,200.5270257429643,205.19044494628906,195.86360653963956,205.19044494628906,23820,0.0,0.0
2015-08-27 00:00:00+09:00,205.1904349949049,219.1806919263757,200.52701601774797,214.51727294921875,160540,0.0,0.0
2015-08-28 00:00:00+09:00,214.5172634124756,223.84410095214844,209.85384464263916,223.84410095214844,161460,0.0,0.0
2015-08-31 00:00:00+09:00,219.18069458007812,223.8441136136968,219.18069458007812,219.18069458007812,91880,0.0,0.0
2015-09-01 00:00:00+09:00,219.18070190429688,242.4977978515625,219.18070190429688,233.17095947265625,521900,0.0,0.0
2015-09-02 00:00:00+09:00,223.84409743088943,242.49777221679688,223.84409743088943,242.49777221679688,144380,0.0,0.0
2015-09-03 00:00:00+09:00,242.49777906768176,242.49777906768176,228.5075225830078,228.5075225830078,85920,0.0,0.0
2015-09-04 00:00:00+09:00,228.50753264731551,233.1709516809342,214.51727554645944,219.18069458007812,65960,0.0,0.0
2015-09-07 00:00:00+09:00,214.51727023654513,214.51727023654513,205.19043240017362,209.85385131835938,44880,0.0,0.0
2015-09-08 00:00:00+09:00,214.51728335293856,214.51728335293856,205.19044494628906,205.19044494628906,9340,0.0,0.0
2015-09-09 00:00:00+09:00,209.85385131835938,214.51727023654513,205.19043240017362,209.85385131835938,17240,0.0,0.0
2015-09-10 00:00:00+09:00,209.8538641496138,209.8538641496138,200.5270257429643,205.19044494628906,39760,0.0,0.0
2015-09-11 00:00:00+09:00,205.19043240017362,214.51727023654513,205.19043240017362,209.85385131835938,25220,0.0,0.0
2015-09-14 00:00:00+09:00,209.85385397206184,219.1806919263757,209.85385397206184,214.51727294921875,10280,0.0,0.0
2015-09-15 00:00:00+09:00,214.51727023654513,219.1806891547309,209.85385131835938,209.85385131835938,16880,0.0,0.0
2015-09-16 00:00:00+09:00,214.51727023654513,214.51727023654513,209.85385131835938,209.85385131835938,9360,0.0,0.0
2015-09-17 00:00:00+09:00,205.19043240017362,219.1806891547309,205.19043240017362,209.85385131835938,15360,0.0,0.0
2015-09-18 00:00:00+09:00,209.85385131835938,214.51727023654513,205.19043240017362,209.85385131835938,20980,0.0,0.0
2015-09-24 00:00:00+09:00,205.19044494628906,209.8538641496138,205.19044494628906,205.19044494628906,10140,0.0,0.0
2015-09-25 00:00:00+09:00,200.52699553660858,200.52699553660858,181.87332153320312,181.87332153320312,232800,0.0,0.0
2015-09-28 00:00:00+09:00,186.53675842285156,186.53675842285156,177.20992050170898,186.53675842285156,90360,0.0,0.0
2015-09-29 00:00:00+09:00,181.87332153320312,181.87332153320312,177.20990303235178,181.87332153320312,29140,0.0,0.0
2015-09-30 00:00:00+09:00,177.20989312065973,181.8733113606771,167.883056640625,167.883056640625,120360,0.0,0.0
2015-10-01 00:00:00+09:00,172.5465087890625,181.8733471019848,172.5465087890625,172.5465087890625,56220,0.0,0.0
2015-10-02 00:00:00+09:00,172.54647488064236,172.54647488064236,167.883056640625,167.883056640625,59320,0.0,0.0
2015-10-05 00:00:00+09:00,167.88308963260135,177.20992794552365,167.88308963260135,172.5465087890625,77560,0.0,0.0
2015-10-06 00:00:00+09:00,177.20989312065973,177.20989312065973,167.883056640625,167.883056640625,75660,0.0,0.0
2015-10-07 00:00:00+09:00,172.54647488064236,172.54647488064236,167.883056640625,167.883056640625,11300,0.0,0.0
2015-10-08 00:00:00+09:00,172.5465087890625,177.20992794552365,167.88308963260135,172.5465087890625,36400,0.0,0.0
2015-10-09 00:00:00+09:00,172.546496341103,177.2099151611328,172.546496341103,177.2099151611328,12280,0.0,0.0
2015-10-13 00:00:00+09:00,177.20990303235178,181.87332153320312,172.5464845315004,181.87332153320312,82500,0.0,0.0
2015-10-14 00:00:00+09:00,181.8733471019848,181.8733471019848,172.5465087890625,172.5465087890625,30500,0.0,0.0
2015-10-15 00:00:00+09:00,177.2099151611328,177.2099151611328,172.546496341103,177.2099151611328,26620,0.0,0.0
2015-10-16 00:00:00+09:00,177.20989312065973,177.20989312065973,167.883056640625,167.883056640625,139920,0.0,0.0
2015-10-19 00:00:00+09:00,167.883056640625,172.54647488064236,167.883056640625,167.883056640625,32280,0.0,0.0
2015-10-20 00:00:00+09:00,167.88308963260135,172.5465087890625,163.2196704761402,172.5465087890625,22700,0.0,0.0
2015-10-21 00:00:00+09:00,172.5465087890625,177.20992794552365,167.88308963260135,172.5465087890625,47220,0.0,0.0
2015-10-22 00:00:00+09:00,172.5465087890625,172.5465087890625,167.88308963260135,172.5465087890625,37820,0.0,0.0
2015-10-23 00:00:00+09:00,172.5465087890625,172.5465087890625,167.88308963260135,172.5465087890625,7800,0.0,0.0
2015-10-26 00:00:00+09:00,172.5465087890625,177.20992794552365,172.5465087890625,172.5465087890625,25280,0.0,0.0
2015-10-27 00:00:00+09:00,172.5465087890625,172.5465087890625,167.88308963260135,172.5465087890625,14980,0.0,0.0
2015-10-28 00:00:00+09:00,172.5465087890625,172.5465087890625,167.88308963260135,172.5465087890625,19140,0.0,0.0
2015-10-29 00:00:00+09:00,172.5465087890625,172.5465087890625,167.88308963260135,172.5465087890625,10800,0.0,0.0
2015-10-30 00:00:00+09:00,172.5465087890625,177.20992794552365,167.88308963260135,172.5465087890625,21140,0.0,0.0
2015-11-02 00:00:00+09:00,172.5465087890625,172.5465087890625,172.5465087890625,172.5465087890625,6560,0.0,0.0
2015-11-04 00:00:00+09:00,172.54647488064236,172.54647488064236,163.21963840060764,167.883056640625,62480,0.0,0.0
2015-11-05 00:00:00+09:00,163.2196502685547,167.88306884765626,163.2196502685547,163.2196502685547,49120,0.0,0.0
2015-11-06 00:00:00+09:00,163.21964379512903,163.21964379512903,139.9025518243963,153.89280700683594,450220,0.0,0.0
2015-11-09 00:00:00+09:00,149.2294134324597,149.2294134324597,144.5659942626953,144.5659942626953,101600,0.0,0.0
2015-11-10 00:00:00+09:00,144.56597595214845,144.56597595214845,139.90255737304688,139.90255737304688,64340,0.0,0.0
2015-11-11 00:00:00+09:00,139.90255737304688,144.56597595214845,139.90255737304688,139.90255737304688,25280,0.0,0.0
2015-11-12 00:00:00+09:00,149.22940063476562,153.89281940460205,144.5659818649292,149.22940063476562,174720,0.0,0.0
2015-11-13 00:00:00+09:00,149.22940063476562,153.89281940460205,144.5659818649292,149.22940063476562,39800,0.0,0.0
2015-11-16 00:00:00+09:00,149.2294134324597,149.2294134324597,139.90257509293096,144.5659942626953,57400,0.0,0.0
2015-11-17 00:00:00+09:00,139.90255421605605,139.90255421605605,135.2391357421875,135.2391357421875,75740,0.0,0.0
2015-11-18 00:00:00+09:00,135.2391357421875,139.90255421605605,130.57571726831898,135.2391357421875,90400,0.0,0.0
2015-11-19 00:00:00+09:00,135.2391357421875,139.90255421605605,130.57571726831898,135.2391357421875,19300,0.0,0.0
2015-11-20 00:00:00+09:00,135.2391357421875,139.90255421605605,135.2391357421875,135.2391357421875,12260,0.0,0.0
2015-11-24 00:00:00+09:00,139.90257509293096,149.2294134324597,135.23915592316658,144.5659942626953,133800,0.0,0.0
2015-11-25 00:00:00+09:00,144.5659942626953,149.2294134324597,144.5659942626953,144.5659942626953,38980,0.0,0.0
2015-11-26 00:00:00+09:00,144.56597595214845,144.56597595214845,139.90255737304688,139.90255737304688,69180,0.0,0.0
2015-11-27 00:00:00+09:00,139.90255737304688,144.56597595214845,135.2391387939453,139.90255737304688,22140,0.0,0.0
2015-11-30 00:00:00+09:00,139.90255737304688,139.90255737304688,135.2391387939453,139.90255737304688,13420,0.0,0.0
2015-12-01 00:00:00+09:00,139.90255737304688,144.56597595214845,135.2391387939453,139.90255737304688,26260,0.0,0.0
2015-12-02 00:00:00+09:00,139.90255737304688,144.56597595214845,135.2391387939453,139.90255737304688,23020,0.0,0.0
2015-12-03 00:00:00+09:00,139.90255737304688,144.56597595214845,139.90255737304688,139.90255737304688,9480,0.0,0.0
2015-12-04 00:00:00+09:00,139.90255737304688,144.56597595214845,139.90255737304688,139.90255737304688,17680,0.0,0.0
2015-12-07 00:00:00+09:00,139.90255737304688,144.56597595214845,139.90255737304688,139.90255737304688,23300,0.0,0.0
2015-12-08 00:00:00+09:00,139.90255737304688,144.56597595214845,135.2391387939453,139.90255737304688,22240,0.0,0.0
2015-12-09 00:00:00+09:00,139.90255737304688,139.90255737304688,135.2391387939453,139.90255737304688,13920,0.0,0.0
2015-12-10 00:00:00+09:00,135.2391357421875,139.90255421605605,130.57571726831898,135.2391357421875,58000,0.0,0.0
2015-12-11 00:00:00+09:00,130.57571726831898,135.2391357421875,130.57571726831898,135.2391357421875,61380,0.0,0.0
2015-12-14 00:00:00+09:00,135.2391357421875,135.2391357421875,130.57571726831898,135.2391357421875,27480,0.0,0.0
2015-12-15 00:00:00+09:00,130.5757293701172,135.2391482761928,130.5757293701172,130.5757293701172,12840,0.0,0.0
2015-12-16 00:00:00+09:00,130.57572654441552,135.23914534957322,125.91230773925781,125.91230773925781,29780,0.0,0.0
2015-12-17 00:00:00+09:00,125.91230773925781,130.57572654441552,125.91230773925781,125.91230773925781,46340,0.0,0.0
2015-12-18 00:00:00+09:00,125.9123048048753,125.9123048048753,121.24888610839844,121.24888610839844,72020,0.0,0.0
2015-12-21 00:00:00+09:00,121.24888801574707,121.24888801574707,107.2586317062378,111.92205047607422,186100,0.0,0.0
2015-12-22 00:00:00+09:00,107.25863647460938,111.92205545176631,102.59521749745245,107.25863647460938,216140,0.0,0.0
2015-12-24 00:00:00+09:00,107.25862230573382,107.25862230573382,97.9317855834961,97.9317855834961,114020,0.0,0.0
2015-12-25 00:00:00+09:00,97.9317855834961,97.9317855834961,97.9317855834961,97.9317855834961,0,0.0,0.0
2015-12-28 00:00:00+09:00,93.26838406649503,107.25864167646928,93.26838406649503,102.59522247314453,142540,0.0,0.0
2015-12-29 00:00:00+09:00,102.59521749745245,107.25863647460938,97.93179852029552,107.25863647460938,121260,0.0,0.0
2015-12-30 00:00:00+09:00,107.25864167646928,107.25864167646928,102.59522247314453,102.59522247314453,59200,0.0,0.0
2016-01-04 00:00:00+09:00,102.59521749745245,111.92205545176631,102.59521749745245,107.25863647460938,138400,0.0,0.0
2016-01-05 00:00:00+09:00,107.25863483973912,135.2391482761928,107.25863483973912,130.5757293701172,403040,0.0,0.0
2016-01-06 00:00:00+09:00,135.23915649414062,135.23915649414062,116.58547973632812,116.58547973632812,125020,0.0,0.0
2016-01-07 00:00:00+09:00,116.58547265189034,135.2391482761928,116.58547265189034,130.5757293701172,143040,0.0,0.0
2016-01-08 00:00:00+09:00,121.24888610839844,125.9123048048753,121.24888610839844,121.24888610839844,87800,0.0,0.0
2016-01-12 00:00:00+09:00,121.24888801574707,121.24888801574707,111.92205047607422,111.92205047607422,59760,0.0,0.0
2016-01-13 00:00:00+09:00,111.92204871544472,125.9123048048753,111.92204871544472,121.24888610839844,64500,0.0,0.0
2016-01-14 00:00:00+09:00,116.58546924591064,116.58546924591064,111.92205047607422,111.92205047607422,63020,0.0,0.0
2016-01-15 00:00:00+09:00,116.58546741192158,121.24888610839844,116.58546741192158,121.24888610839844,76540,0.0,0.0
2016-01-18 00:00:00+09:00,121.24889892578125,121.24889892578125,111.922060546875,116.58547973632812,42480,0.0,0.0
2016-01-19 00:00:00+09:00,121.24889892578125,121.24889892578125,111.922060546875,116.58547973632812,10580,0.0,0.0
2016-01-20 00:00:00+09:00,116.58546924591064,121.24888801574707,111.92205047607422,111.92205047607422,17360,0.0,0.0
2016-01-21 00:00:00+09:00,111.92205545176631,116.58547442892323,102.59521749745245,107.25863647460938,46420,0.0,0.0
2016-01-22 00:00:00+09:00,102.59522247314453,107.25864167646928,102.59522247314453,102.59522247314453,28140,0.0,0.0
2016-01-25 00:00:00+09:00,107.25864167646928,107.25864167646928,102.59522247314453,102.59522247314453,14800,0.0,0.0
2016-01-26 00:00:00+09:00,102.59522247314453,107.25864167646928,102.59522247314453,102.59522247314453,7720,0.0,0.0
2016-01-27 00:00:00+09:00,102.59521293640137,111.92205047607422,102.59521293640137,111.92205047607422,34560,0.0,0.0
2016-01-28 00:00:00+09:00,111.92205047607422,116.58546924591064,111.92205047607422,111.92205047607422,21060,0.0,0.0
2016-01-29 00:00:00+09:00,111.92205047607422,116.58546924591064,107.2586317062378,111.92205047607422,24060,0.0,0.0
2016-02-01 00:00:00+09:00,111.92205047607422,116.58546924591064,107.2586317062378,111.92205047607422,18480,0.0,0.0
2016-02-02 00:00:00+09:00,116.58546741192158,121.24888610839844,111.92204871544472,121.24888610839844,41820,0.0,0.0
2016-02-03 00:00:00+09:00,121.24889892578125,121.24889892578125,111.922060546875,116.58547973632812,12640,0.0,0.0
2016-02-04 00:00:00+09:00,111.92204871544472,130.57572350135217,111.92204871544472,121.24888610839844,100140,0.0,0.0
2016-02-05 00:00:00+09:00,125.91231811523438,149.2294140625,111.922060546875,116.58547973632812,591660,0.0,0.0
2016-02-08 00:00:00+09:00,116.58546741192158,121.24888610839844,111.92204871544472,121.24888610839844,85420,0.0,0.0
2016-02-09 00:00:00+09:00,116.58547973632812,125.91231811523438,116.58547973632812,116.58547973632812,82920,0.0,0.0
2016-02-10 00:00:00+09:00,121.24888305664062,144.56597595214845,116.58546447753906,139.90255737304688,526480,0.0,0.0
2016-02-12 00:00:00+09:00,139.90257568359377,139.90257568359377,116.58547973632812,116.58547973632812,224980,0.0,0.0
2016-02-15 00:00:00+09:00,125.9123119354248,228.50752906799315,121.24889297485352,186.53675842285156,2957620,0.0,0.0
2016-02-16 00:00:00+09:00,167.88306884765626,177.20990600585938,149.22939453125,163.2196502685547,889080,0.0,0.0
2016-02-17 00:00:00+09:00,153.89283260222405,158.5562517719884,139.90257509293096,144.5659942626953,305360,0.0,0.0
2016-02-18 00:00:00+09:00,149.2294134324597,153.89283260222405,135.23915592316658,144.5659942626953,216420,0.0,0.0
2016-02-19 00:00:00+09:00,139.90255421605605,144.56597268992456,135.2391357421875,135.2391357421875,95620,0.0,0.0
2016-02-22 00:00:00+09:00,139.90257509293096,167.88309011151713,130.57573675340223,144.5659942626953,304020,0.0,0.0
2016-02-23 00:00:00+09:00,144.56597595214845,153.89281311035157,139.90255737304688,139.90255737304688,136780,0.0,0.0
2016-02-24 00:00:00+09:00,139.90255421605605,144.56597268992456,135.2391357421875,135.2391357421875,118120,0.0,0.0
2016-02-25 00:00:00+09:00,139.90255737304688,153.89281311035157,139.90255737304688,139.90255737304688,212520,0.0,0.0
2016-02-26 00:00:00+09:00,144.56597595214845,149.22939453125,139.90255737304688,139.90255737304688,46580,0.0,0.0
2016-02-29 00:00:00+09:00,144.56597021854284,158.55622540098247,144.56597021854284,153.89280700683594,195160,0.0,0.0
2016-03-01 00:00:00+09:00,163.2196704761402,191.2001854149071,158.55625131967906,172.5465087890625,811320,0.0,0.0
2016-03-02 00:00:00+09:00,177.20990600585938,177.20990600585938,153.89281311035157,163.2196502685547,475240,0.0,0.0
2016-03-03 00:00:00+09:00,163.21964379512903,172.5464805834221,153.89280700683594,153.89280700683594,211620,0.0,0.0
2016-03-04 00:00:00+09:00,158.55622540098247,163.21964379512903,153.89280700683594,153.89280700683594,109180,0.0,0.0
2016-03-07 00:00:00+09:00,163.2196628346163,163.2196628346163,153.8928249583525,158.55624389648438,117800,0.0,0.0
2016-03-08 00:00:00+09:00,163.21963840060764,177.20989312065973,163.21963840060764,167.883056640625,246840,0.0,0.0
2016-03-09 00:00:00+09:00,167.883056640625,172.54647488064236,163.21963840060764,167.883056640625,85420,0.0,0.0
2016-03-10 00:00:00+09:00,177.20990883431784,200.52700210199123,177.20990883431784,191.20016479492188,813160,0.0,0.0
2016-03-11 00:00:00+09:00,191.2001873363148,205.19044494628906,186.53676813299006,205.19044494628906,379140,0.0,0.0
2016-03-14 00:00:00+09:00,205.19044246230015,209.8538616091706,195.86360416855922,200.5270233154297,165660,0.0,0.0
2016-03-15 00:00:00+09:00,200.52701530456542,200.52701530456542,186.53675842285156,186.53675842285156,176460,0.0,0.0
2016-03-16 00:00:00+09:00,186.53675842285156,191.20017738342284,186.53675842285156,186.53675842285156,81000,0.0,0.0
2016-03-17 00:00:00+09:00,195.8635711669922,205.19040788922993,195.8635711669922,195.8635711669922,202620,0.0,0.0
2016-03-18 00:00:00+09:00,200.52700210199123,200.52700210199123,191.20016479492188,191.20016479492188,79800,0.0,0.0
2016-03-22 00:00:00+09:00,195.86359634399415,200.52701530456542,186.53675842285156,186.53675842285156,139820,0.0,0.0
2016-03-23 00:00:00+09:00,191.20016479492188,195.86358344845655,186.5367461413872,191.20016479492188,23320,0.0,0.0
2016-03-24 00:00:00+09:00,191.20016479492188,195.86358344845655,191.20016479492188,191.20016479492188,31320,0.0,0.0
2016-03-25 00:00:00+09:00,191.20017738342284,191.20017738342284,186.53675842285156,186.53675842285156,52140,0.0,0.0
2016-03-28 00:00:00+09:00,186.5367400340545,191.20015853490585,181.87332153320312,181.87332153320312,63480,0.0,0.0
2016-03-29 00:00:00+09:00,181.87333946228026,186.53675842285156,181.87333946228026,186.53675842285156,31960,0.0,0.0
2016-03-30 00:00:00+09:00,186.53675842285156,195.86359634399415,186.53675842285156,186.53675842285156,46120,0.0,0.0
2016-03-31 00:00:00+09:00,186.5367461413872,191.20016479492188,186.5367461413872,191.20016479492188,24260,0.0,0.0
2016-04-01 00:00:00+09:00,191.20016479492188,191.20016479492188,186.5367461413872,191.20016479492188,37780,0.0,0.0
2016-04-04 00:00:00+09:00,191.20017738342284,191.20017738342284,181.87333946228026,186.53675842285156,91780,0.0,0.0
2016-04-05 00:00:00+09:00,181.8733471019848,181.8733471019848,167.88308963260135,172.5465087890625,88960,0.0,0.0
2016-04-06 00:00:00+09:00,172.5464845315004,181.87332153320312,172.5464845315004,181.87332153320312,68100,0.0,0.0
2016-04-07 00:00:00+09:00,181.87332748785252,191.20016479492188,177.20990883431784,191.20016479492188,81700,0.0,0.0
2016-04-08 00:00:00+09:00,191.20018502168878,200.5270233154297,181.87334672794785,200.5270233154297,160380,0.0,0.0
2016-04-11 00:00:00+09:00,200.52698952811105,209.8538262503488,191.20015280587333,195.8635711669922,223200,0.0,0.0
2016-04-12 00:00:00+09:00,195.86360416855922,200.5270233154297,191.20018502168878,200.5270233154297,68020,0.0,0.0
2016-04-13 00:00:00+09:00,200.52700210199123,200.52700210199123,186.5367461413872,191.20016479492188,92720,0.0,0.0
2016-04-14 00:00:00+09:00,191.20017564561633,209.85385131835938,191.20017564561633,209.85385131835938,169880,0.0,0.0
2016-04-15 00:00:00+09:00,228.50749969482422,247.16117313929968,191.20015280587333,195.8635711669922,1170580,0.0,0.0
2016-04-18 00:00:00+09:00,191.20016479492188,200.52700210199123,186.5367461413872,191.20016479492188,129520,0.0,0.0
2016-04-19 00:00:00+09:00,195.86359634399415,195.86359634399415,186.53675842285156,186.53675842285156,75780,0.0,0.0
2016-04-20 00:00:00+09:00,191.20017738342284,195.86359634399415,186.53675842285156,186.53675842285156,49260,0.0,0.0
2016-04-21 00:00:00+09:00,186.53676587481831,205.19044246230015,186.53676587481831,200.5270233154297,176840,0.0,0.0
2016-04-22 00:00:00+09:00,200.52698952811105,205.19040788922993,191.20015280587333,195.8635711669922,76040,0.0,0.0
2016-04-25 00:00:00+09:00,195.86360416855922,209.8538616091706,191.20018502168878,200.5270233154297,114620,0.0,0.0
2016-04-26 00:00:00+09:00,200.52698952811105,200.52698952811105,191.20015280587333,195.8635711669922,66960,0.0,0.0
2016-04-27 00:00:00+09:00,195.8635711669922,200.52698952811105,191.20015280587333,195.8635711669922,37900,0.0,0.0
2016-04-28 00:00:00+09:00,200.5270233154297,228.50753819665243,200.5270233154297,200.5270233154297,736320,0.0,0.0
2016-05-02 00:00:00+09:00,195.86360416855922,214.51728075604106,191.20018502168878,200.5270233154297,265340,0.0,0.0
2016-05-06 00:00:00+09:00,205.19043747922208,219.18069458007812,195.86359941198472,219.18069458007812,145200,0.0,0.0
2016-05-09 00:00:00+09:00,223.84412109375,237.83437866210937,214.51728271484376,233.17095947265625,338600,0.0,0.0
2016-05-10 00:00:00+09:00,233.17094885784647,233.17094885784647,209.85385397206184,214.51727294921875,236320,0.0,0.0
2016-05-11 00:00:00+09:00,214.51728075604106,219.18069990291153,200.5270233154297,200.5270233154297,205100,0.0,0.0
2016-05-12 00:00:00+09:00,205.19044494628906,219.1807025562633,205.19044494628906,205.19044494628906,106200,0.0,0.0
2016-05-13 00:00:00+09:00,209.85385131835938,209.85385131835938,200.52701348198784,209.85385131835938,60020,0.0,0.0
2016-05-16 00:00:00+09:00,209.8538262503488,209.8538262503488,195.8635711669922,195.8635711669922,112280,0.0,0.0
2016-05-17 00:00:00+09:00,200.52698952811105,200.52698952811105,195.8635711669922,195.8635711669922,45140,0.0,0.0
2016-05-18 00:00:00+09:00,200.52700210199123,200.52700210199123,186.5367461413872,191.20016479492188,78420,0.0,0.0
2016-05-19 00:00:00+09:00,195.86358344845655,195.86358344845655,186.5367461413872,191.20016479492188,26280,0.0,0.0
2016-05-20 00:00:00+09:00,195.86360416855922,200.5270233154297,186.53676587481831,200.5270233154297,55740,0.0,0.0
2016-05-23 00:00:00+09:00,195.8635711669922,200.52698952811105,191.20015280587333,195.8635711669922,35420,0.0,0.0
2016-05-24 00:00:00+09:00,200.52698952811105,200.52698952811105,195.8635711669922,195.8635711669922,21680,0.0,0.0
2016-05-25 00:00:00+09:00,200.52700210199123,200.52700210199123,191.20016479492188,191.20016479492188,24760,0.0,0.0
2016-05-26 00:00:00+09:00,195.86358344845655,195.86358344845655,186.5367461413872,191.20016479492188,74120,0.0,0.0
2016-05-27 00:00:00+09:00,191.20016479492188,195.86358344845655,191.20016479492188,191.20016479492188,26340,0.0,0.0
2016-05-30 00:00:00+09:00,195.86359634399415,195.86359634399415,186.53675842285156,186.53675842285156,35260,0.0,0.0
2016-05-31 00:00:00+09:00,186.5367461413872,195.86358344845655,186.5367461413872,191.20016479492188,55400,0.0,0.0
2016-06-01 00:00:00+09:00,191.20017738342284,191.20017738342284,186.53675842285156,186.53675842285156,34960,0.0,0.0
2016-06-02 00:00:00+09:00,186.5367400340545,191.20015853490585,181.87332153320312,181.87332153320312,112880,0.0,0.0
2016-06-03 00:00:00+09:00,181.87332153320312,186.5367400340545,181.87332153320312,181.87332153320312,15040,0.0,0.0
2016-06-06 00:00:00+09:00,177.20990303235178,181.87332153320312,172.5464845315004,181.87332153320312,73140,0.0,0.0
2016-06-07 00:00:00+09:00,177.2099151611328,181.87333398116263,177.2099151611328,177.2099151611328,14040,0.0,0.0
2016-06-08 00:00:00+09:00,177.2099151611328,181.87333398116263,177.2099151611328,177.2099151611328,18700,0.0,0.0
2016-06-09 00:00:00+09:00,177.2099151611328,181.87333398116263,177.2099151611328,177.2099151611328,23020,0.0,0.0
2016-06-10 00:00:00+09:00,177.20990303235178,186.5367400340545,177.20990303235178,181.87332153320312,46140,0.0,0.0
2016-06-13 00:00:00+09:00,181.87332153320312,186.5367400340545,177.20990303235178,181.87332153320312,65840,0.0,0.0
2016-06-14 00:00:00+09:00,177.20989312065973,186.53672960069446,163.21963840060764,167.883056640625,133600,0.0,0.0
2016-06-15 00:00:00+09:00,163.21963840060764,167.883056640625,158.55622016059027,167.883056640625,120260,0.0,0.0
2016-06-16 00:00:00+09:00,163.2196628346163,167.88308177274817,158.55624389648438,158.55624389648438,56720,0.0,0.0
2016-06-17 00:00:00+09:00,158.5562316894531,167.88306884765626,158.5562316894531,163.2196502685547,41900,0.0,0.0
2016-06-20 00:00:00+09:00,167.88306603064905,181.87332153320312,163.21964752979767,181.87332153320312,84280,0.0,0.0
2016-06-21 00:00:00+09:00,181.87332153320312,186.5367400340545,177.20990303235178,181.87332153320312,68680,0.0,0.0
2016-06-22 00:00:00+09:00,186.53675280119245,186.53675280119245,177.2099151611328,177.2099151611328,33180,0.0,0.0
2016-06-23 00:00:00+09:00,177.20989312065973,177.20989312065973,167.883056640625,167.883056640625,107900,0.0,0.0
2016-06-24 00:00:00+09:00,172.5464874267578,177.20990600585938,158.5562316894531,163.2196502685547,131600,0.0,0.0
2016-06-27 00:00:00+09:00,153.89282106098375,177.2099151611328,149.22940224095396,177.2099151611328,138240,0.0,0.0
2016-06-28 00:00:00+09:00,172.5465087890625,181.8733471019848,172.5465087890625,172.5465087890625,29480,0.0,0.0
2016-06-29 00:00:00+09:00,177.2099151611328,181.87333398116263,177.2099151611328,177.2099151611328,26000,0.0,0.0
2016-06-30 00:00:00+09:00,177.20990303235178,181.87332153320312,177.20990303235178,181.87332153320312,52520,0.0,0.0
2016-07-01 00:00:00+09:00,181.87333398116263,186.53675280119245,177.2099151611328,177.2099151611328,44580,0.0,0.0
2016-07-04 00:00:00+09:00,181.87333398116263,181.87333398116263,172.546496341103,177.2099151611328,86520,0.0,0.0
2016-07-05 00:00:00+09:00,181.87333946228026,186.53675842285156,181.87333946228026,186.53675842285156,42260,0.0,0.0
2016-07-06 00:00:00+09:00,186.53674785907452,312.44905266394983,186.53674785907452,242.49777221679688,2995660,0.0,0.0
2016-07-07 00:00:00+09:00,279.8051120923913,321.77587890625,247.16118234827897,321.77587890625,2835180,0.0,0.0
2016-07-08 00:00:00+09:00,303.1222434122054,321.7759199298796,265.8148903768571,284.46856689453125,1428760,0.0,0.0
2016-07-11 00:00:00+09:00,284.46856689453125,284.46856689453125,284.46856689453125,284.46856689453125,0,0.0,0.0
2016-07-12 00:00:00+09:00,279.80511474609375,279.80511474609375,256.48802185058594,279.80511474609375,538340,0.0,0.0
2016-07-13 00:00:00+09:00,289.1319308810764,373.0734592013889,284.468512641059,335.76611328125,4337200,0.0,0.0
2016-07-14 00:00:00+09:00,331.1027581887167,359.083272965228,279.8051477651127,284.46856689453125,2221020,0.0,0.0
2016-07-15 00:00:00+09:00,270.4782843956581,275.14170309213495,233.17093482384317,242.49777221679688,1372980,0.0,0.0
2016-07-19 00:00:00+09:00,237.8343642098563,279.8051343645368,233.17094530378068,261.1514587402344,885100,0.0,0.0
2016-07-20 00:00:00+09:00,256.4880471859338,261.15146622567806,247.1612091064453,247.1612091064453,364440,0.0,0.0
2016-07-21 00:00:00+09:00,247.16119091327374,251.8246096097506,237.83435352032,242.49777221679688,294940,0.0,0.0
2016-07-22 00:00:00+09:00,237.83435352032,242.49777221679688,223.84409743088943,242.49777221679688,478500,0.0,0.0
2016-07-25 00:00:00+09:00,237.83436584472656,242.49778478285847,228.5075279684628,237.83436584472656,212340,0.0,0.0
2016-07-26 00:00:00+09:00,237.8343602394571,237.8343602394571,228.5075225830078,228.5075225830078,230880,0.0,0.0
2016-07-27 00:00:00+09:00,233.17094141123246,237.8343602394571,223.84410375478316,228.5075225830078,250880,0.0,0.0
2016-07-28 00:00:00+09:00,275.1417233449108,359.0832660603073,247.1612091064453,247.1612091064453,5231720,0.0,0.0
2016-07-29 00:00:00+09:00,293.79535883123225,340.4295427726977,270.4782668604995,307.7856140136719,3350280,0.0,0.0
2016-08-01 00:00:00+09:00,447.6882019042969,447.6882019042969,387.06375789642334,447.6882019042969,3146280,0.0,0.0
2016-08-02 00:00:00+09:00,517.639499173306,587.5907828453744,424.3711209438815,471.00531005859375,8094400,0.0,0.0
2016-08-03 00:00:00+09:00,657.542022502975,704.1762084960938,578.263906314673,704.1762084960938,4624980,0.0,0.0
2016-08-04 00:00:00+09:00,657.5420362032377,746.1469914362981,471.0052883441632,484.99554443359375,7199740,0.0,0.0
2016-08-05 00:00:00+09:00,526.9663507989112,564.2737030678608,405.71745592482546,438.36138916015625,4200160,0.0,0.0
2016-08-08 00:00:00+09:00,424.3710974716559,429.0345161251906,363.74665497570504,382.40032958984375,1860200,0.0,0.0
2016-08-09 00:00:00+09:00,363.7466867547286,494.3224204615543,359.08326769377055,443.0248107910156,3405460,0.0,0.0
2016-08-10 00:00:00+09:00,447.68821875000003,582.9273681640625,447.68821875000003,582.9273681640625,4791540,0.0,0.0
2016-08-12 00:00:00+09:00,662.2054443359375,713.5030491788622,601.5810022488446,662.2054443359375,5413340,0.0,0.0
2016-08-15 00:00:00+09:00,652.878692284059,858.0691384304776,638.8884345922577,830.088623046875,5203080,0.0,0.0
2016-08-16 00:00:00+09:00,886.0495970849278,960.6642999973427,671.5323262117347,685.5225830078125,5699260,0.0,0.0
2016-08-17 00:00:00+09:00,694.8493977279114,764.8006793783724,610.9078597473584,648.2152099609375,2601220,0.0,0.0
2016-08-18 00:00:00+09:00,629.56159875748,690.1860490082004,587.5908255069813,657.5421142578125,2038380,0.0,0.0
2016-08-19 00:00:00+09:00,652.8786287376349,694.8493977279114,634.2249536308453,648.2152099609375,1253380,0.0,0.0
2016-08-22 00:00:00+09:00,648.2152026948474,652.8786214192709,573.6005031040737,587.5907592773438,992580,0.0,0.0
2016-08-23 00:00:00+09:00,610.9078756303929,648.2152268139284,596.9176189365671,624.8981323242188,1076740,0.0,0.0
2016-08-24 00:00:00+09:00,629.5614984467273,629.5614984467273,582.9273133765994,592.254150390625,661940,0.0,0.0
2016-08-25 00:00:00+09:00,708.8397146641523,816.0983556988596,704.1762954887303,811.4349365234375,4881220,0.0,0.0
2016-08-26 00:00:00+09:00,904.7033123280268,918.6935697351612,676.1957746781643,741.483642578125,3837120,0.0,0.0
2016-08-29 00:00:00+09:00,746.1469664754746,806.771407501607,704.1761996112292,736.8201293945312,1161520,0.0,0.0
2016-08-30 00:00:00+09:00,797.4446193385769,862.7324829101562,764.8006875527872,862.7324829101562,2635300,0.0,0.0
2016-08-31 00:00:00+09:00,839.4154309724507,914.0301359477796,806.7714975457443,886.0496215820312,2957700,0.0,0.0
2016-09-01 00:00:00+09:00,848.742243109809,881.3861755371094,816.0983106825087,839.4154052734375,1739380,0.0,0.0
2016-09-02 00:00:00+09:00,797.444630148882,811.4348868181605,774.1275357000842,778.7909545898438,807120,0.0,0.0
2016-09-05 00:00:00+09:00,760.1372790308056,848.742237936237,741.4836034717674,778.7909545898438,1328580,0.0,0.0
2016-09-06 00:00:00+09:00,802.1079647288603,820.7616383272059,774.1274543313419,792.7811279296875,586200,0.0,0.0
2016-09-07 00:00:00+09:00,788.1178032055236,830.0885737904331,788.1178032055236,797.4446411132812,492180,0.0,0.0
2016-09-08 00:00:00+09:00,755.4738716125488,778.7909664154053,736.8201957702637,746.1470336914062,699360,0.0,0.0
2016-09-09 00:00:00+09:00,741.4835479350029,746.1469664754746,722.8298737731161,736.8201293945312,308440,0.0,0.0
2016-09-12 00:00:00+09:00,718.16650390625,736.8201793323864,708.8396661931819,718.16650390625,220880,0.0,0.0
2016-09-13 00:00:00+09:00,722.8298856005257,778.7909090018567,708.8396297501929,755.4738159179688,551280,0.0,0.0
2016-09-14 00:00:00+09:00,746.1469664754746,774.1274777183049,736.8201293945312,736.8201293945312,340940,0.0,0.0
2016-09-15 00:00:00+09:00,722.8299171046207,727.4933359246505,708.8396606445312,708.8396606445312,215800,0.0,0.0
2016-09-16 00:00:00+09:00,685.5226159997889,704.1762926256334,634.2250052787163,690.18603515625,434360,0.0,0.0
2016-09-20 00:00:00+09:00,694.8493746905259,694.8493746905259,662.2054443359375,662.2054443359375,157380,0.0,0.0
2016-09-21 00:00:00+09:00,648.2152757577016,671.5323720079788,643.5518565076462,657.5421142578125,120540,0.0,0.0
2016-09-23 00:00:00+09:00,652.8786789996069,746.1470617138365,634.225002456761,741.483642578125,655920,0.0,0.0
2016-09-26 00:00:00+09:00,722.8299508686938,750.8104650958691,708.8396937551062,713.5031127929688,427280,0.0,0.0
2016-09-27 00:00:00+09:00,704.1762361653646,722.829911295573,676.1957234700521,699.5128173828125,330520,0.0,0.0
2016-09-28 00:00:00+09:00,694.8494416267641,736.8202132686492,690.1860225554436,722.8299560546875,275060,0.0,0.0
2016-09-29 00:00:00+09:00,806.7714621803977,811.4348810369319,713.503085049716,718.16650390625,1135220,0.0,0.0
2016-09-30 00:00:00+09:00,699.5128398038903,708.8396776679422,685.5225830078125,685.5225830078125,241540,0.0,0.0
2016-10-03 00:00:00+09:00,685.5225775356951,690.1859964304957,671.5323208512931,676.1957397460938,115800,0.0,0.0
2016-10-04 00:00:00+09:00,671.5323262117347,694.8494208718644,652.878650483631,685.5225830078125,202540,0.0,0.0
2016-10-05 00:00:00+09:00,666.8689019564924,680.8591586408944,662.2054830616918,676.1957397460938,165240,0.0,0.0
2016-10-06 00:00:00+09:00,671.5323720079788,676.1957912580341,657.5421142578125,657.5421142578125,125880,0.0,0.0
2016-10-07 00:00:00+09:00,662.2053900824653,685.5224812825521,657.541971842448,671.5322265625,124160,0.0,0.0
2016-10-11 00:00:00+09:00,662.20545604131,690.1859682684076,662.20545604131,680.859130859375,149800,0.0,0.0
2016-10-12 00:00:00+09:00,680.859130859375,741.4835740180865,680.859130859375,680.859130859375,420080,0.0,0.0
2016-10-13 00:00:00+09:00,690.1859520717442,904.7032074453944,685.5225334766648,890.7129516601562,2674000,0.0,0.0
2016-10-14 00:00:00+09:00,844.0787303251378,886.0494959214154,750.8103623334099,792.7811279296875,2676480,0.0,0.0
2016-10-17 00:00:00+09:00,769.4640880025876,778.790925432922,722.8299008509156,732.15673828125,740340,0.0,0.0
2016-10-18 00:00:00+09:00,727.4933195660828,741.4835757115844,704.1762259902468,732.15673828125,599640,0.0,0.0
2016-10-19 00:00:00+09:00,741.4836147308349,760.1372905731201,732.1567768096924,746.1470336914062,420640,0.0,0.0
2016-10-20 00:00:00+09:00,755.4737971379207,760.1372156387721,722.8298676319612,727.4932861328125,330400,0.0,0.0
2016-10-21 00:00:00+09:00,718.16650390625,727.4933416193182,708.8396661931819,718.16650390625,203460,0.0,0.0
2016-10-24 00:00:00+09:00,704.1762926256334,713.5031309385557,680.8591968433277,690.18603515625,302220,0.0,0.0
2016-10-25 00:00:00+09:00,690.18603515625,699.5128734691723,685.5226159997889,690.18603515625,123120,0.0,0.0
2016-10-26 00:00:00+09:00,694.8493986002604,704.1762361653646,685.5225610351563,699.5128173828125,130680,0.0,0.0
2016-10-27 00:00:00+09:00,708.8397117820946,713.5031309385557,685.5226159997889,690.18603515625,137940,0.0,0.0
2016-10-28 00:00:00+09:00,690.1859682684076,694.8493869729239,676.1957121548587,680.859130859375,181180,0.0,0.0
2016-10-31 00:00:00+09:00,676.1956448025173,680.8590630425348,666.8688083224827,671.5322265625,160380,0.0,0.0
2016-11-01 00:00:00+09:00,666.8689527579234,671.5323720079788,652.8786950077571,657.5421142578125,174920,0.0,0.0
2016-11-02 00:00:00+09:00,657.5421142578125,671.5323720079788,638.8884372575909,657.5421142578125,312920,0.0,0.0
2016-11-04 00:00:00+09:00,671.5323038444245,671.5323038444245,643.5517911842401,648.2152099609375,110100,0.0,0.0
2016-11-07 00:00:00+09:00,648.2152610496238,652.8786801938658,629.5615844726562,629.5615844726562,154700,0.0,0.0
2016-11-08 00:00:00+09:00,629.5615893732893,643.5518469149179,582.9273975678605,638.888427734375,278240,0.0,0.0
2016-11-09 00:00:00+09:00,652.8786287376349,718.1664916113984,596.9176034172663,648.2152099609375,859560,0.0,0.0
2016-11-10 00:00:00+09:00,671.532275390625,685.5225311279297,643.5517639160156,652.8786010742188,390620,0.0,0.0
2016-11-11 00:00:00+09:00,638.8883890180446,648.2152268139284,620.2347134262768,624.8981323242188,193640,0.0,0.0
2016-11-14 00:00:00+09:00,629.5615512221607,634.2249701201026,601.5810378345091,624.8981323242188,172020,0.0,0.0
2016-11-15 00:00:00+09:00,634.224998531485,634.224998531485,615.5713221040884,620.2347412109375,90540,0.0,0.0
2016-11-16 00:00:00+09:00,629.5615081787109,722.8298797607422,610.9078338623046,652.8786010742188,780480,0.0,0.0
2016-11-17 00:00:00+09:00,652.8786801938658,652.8786801938658,624.8981653284144,629.5615844726562,268780,0.0,0.0
2016-11-18 00:00:00+09:00,629.5615512221607,638.8883890180446,624.8981323242188,624.8981323242188,128200,0.0,0.0
2016-11-21 00:00:00+09:00,624.8981653284144,638.8884227611401,624.8981653284144,629.5615844726562,102520,0.0,0.0
2016-11-22 00:00:00+09:00,634.2250180075355,662.2055335078679,634.2250180075355,657.5421142578125,248540,0.0,0.0
2016-11-24 00:00:00+09:00,676.1957121548587,685.5225495638913,657.5420373367937,680.859130859375,290660,0.0,0.0
2016-11-25 00:00:00+09:00,676.1957002021896,680.8591188242738,652.8786070917694,662.2054443359375,186580,0.0,0.0
2016-11-28 00:00:00+09:00,662.2054830616918,694.8494153252964,657.5420641668911,676.1957397460938,204200,0.0,0.0
2016-11-29 00:00:00+09:00,671.5323720079788,676.1957912580341,657.5421142578125,657.5421142578125,121720,0.0,0.0
2016-11-30 00:00:00+09:00,662.2054662910297,662.2054662910297,643.5517911842401,648.2152099609375,127320,0.0,0.0
2016-12-01 00:00:00+09:00,638.888427734375,648.2152660954607,629.5615893732893,638.888427734375,151140,0.0,0.0
2016-12-02 00:00:00+09:00,629.5615512221607,638.8883890180446,624.8981323242188,624.8981323242188,117280,0.0,0.0
2016-12-05 00:00:00+09:00,620.2347134262768,624.8981323242188,601.5810378345091,624.8981323242188,162760,0.0,0.0
2016-12-06 00:00:00+09:00,629.5615794246359,629.5615794246359,606.24448389039,620.2347412109375,106100,0.0,0.0
2016-12-07 00:00:00+09:00,610.9078096331972,624.8980648156369,610.9078096331972,615.5712280273438,80240,0.0,0.0
2016-12-08 00:00:00+09:00,606.2444059116634,610.9078244186762,592.254150390625,592.254150390625,188060,0.0,0.0
2016-12-09 00:00:00+09:00,578.2639274597168,596.9176025390625,568.937089920044,596.9176025390625,200260,0.0,0.0
2016-12-12 00:00:00+09:00,582.9273133765994,606.2444059116634,578.2638948695866,592.254150390625,129260,0.0,0.0
2016-12-13 00:00:00+09:00,582.9273462295532,606.2444400787354,582.9273462295532,596.9176025390625,124360,0.0,0.0
2016-12-14 00:00:00+09:00,592.2541893592248,615.5712834284856,592.2541893592248,606.2444458007812,127460,0.0,0.0
2016-12-15 00:00:00+09:00,615.5713170175334,615.5713170175334,596.9176407442749,610.9078979492188,89780,0.0,0.0
2016-12-16 00:00:00+09:00,606.2444400787354,606.2444400787354,592.2541837692261,596.9176025390625,89800,0.0,0.0
2016-12-19 00:00:00+09:00,596.9176025390625,606.2444400787354,582.9273462295532,596.9176025390625,148760,0.0,0.0
2016-12-20 00:00:00+09:00,596.9175688976378,596.9175688976378,587.5907318836122,592.254150390625,85980,0.0,0.0
2016-12-21 00:00:00+09:00,587.5907592773438,592.2541780017672,587.5907592773438,587.5907592773438,53500,0.0,0.0
2016-12-22 00:00:00+09:00,587.590787109375,592.2542060546875,578.26394921875,582.9273681640625,103140,0.0,0.0
2016-12-26 00:00:00+09:00,587.5907816072789,587.5907816072789,573.6005249023438,573.6005249023438,85560,0.0,0.0
2016-12-27 00:00:00+09:00,582.9273911773181,582.9273911773181,568.9371337890625,568.9371337890625,87300,0.0,0.0
2016-12-28 00:00:00+09:00,573.600529390223,666.8689081528607,568.937110452091,634.2249755859375,1012580,0.0,0.0
2016-12-29 00:00:00+09:00,638.8884123591066,638.8884123591066,596.9176407442749,610.9078979492188,275980,0.0,0.0
2016-12-30 00:00:00+09:00,596.9176407442749,624.8981551541627,596.9176407442749,610.9078979492188,150460,0.0,0.0
2017-01-04 00:00:00+09:00,610.9078756303929,634.2249701201026,606.244456732451,624.8981323242188,123580,0.0,0.0
2017-01-05 00:00:00+09:00,624.8981701927463,648.2152660954607,620.2347510122034,638.888427734375,230340,0.0,0.0
2017-01-06 00:00:00+09:00,638.888427734375,643.5518469149179,620.2347510122034,638.888427734375,155540,0.0,0.0
2017-01-10 00:00:00+09:00,634.2250036168981,643.5518419053819,629.5615844726562,629.5615844726562,95260,0.0,0.0
2017-01-11 00:00:00+09:00,634.2249016039299,634.2249016039299,615.5712280273438,615.5712280273438,120080,0.0,0.0
2017-01-12 00:00:00+09:00,615.5712945283349,634.2249701201026,610.9078756303929,624.8981323242188,91180,0.0,0.0
2017-01-13 00:00:00+09:00,629.5615022078804,652.8785948822464,624.8980836730072,643.5517578125,225660,0.0,0.0
2017-01-16 00:00:00+09:00,610.9078927446706,610.9078927446706,578.2639595445736,601.5810546875,246020,0.0,0.0
2017-01-17 00:00:00+09:00,592.2542060546875,596.917625,573.6005302734376,582.9273681640625,136300,0.0,0.0
2017-01-18 00:00:00+09:00,578.26394921875,596.917625,573.6005302734376,582.9273681640625,193940,0.0,0.0
2017-01-19 00:00:00+09:00,592.2542294361552,592.2542294361552,568.9371337890625,568.9371337890625,124600,0.0,0.0
2017-01-20 00:00:00+09:00,564.273681640625,578.2639382102273,559.610262784091,564.273681640625,88660,0.0,0.0
2017-01-23 00:00:00+09:00,554.9468047578456,559.6102232852224,536.2931306483382,550.2833862304688,194360,0.0,0.0
2017-01-24 00:00:00+09:00,550.2833862304688,564.2736418125993,545.6199677030919,550.2833862304688,54480,0.0,0.0
2017-01-25 00:00:00+09:00,545.620060768448,554.9468994140625,540.9566414456408,554.9468994140625,76940,0.0,0.0
2017-01-26 00:00:00+09:00,554.9467983903556,554.9467983903556,536.2931244948815,540.95654296875,149220,0.0,0.0
2017-01-27 00:00:00+09:00,536.2931459139934,540.9565645741151,526.96630859375,526.96630859375,87700,0.0,0.0
2017-01-30 00:00:00+09:00,522.3028690732759,592.2541461813039,522.3028690732759,540.95654296875,372860,0.0,0.0
2017-01-31 00:00:00+09:00,550.2833799164871,568.9370538119613,540.95654296875,540.95654296875,146620,0.0,0.0
2017-02-01 00:00:00+09:00,536.2931796960663,545.6200176038241,531.6297607421875,531.6297607421875,80300,0.0,0.0
2017-02-02 00:00:00+09:00,536.2931796960663,540.9565986499452,531.6297607421875,531.6297607421875,64300,0.0,0.0
2017-02-03 00:00:00+09:00,531.6297272538717,536.2931459139934,522.3028899336283,526.96630859375,100320,0.0,0.0
2017-02-06 00:00:00+09:00,522.3028899336283,531.6297272538717,522.3028899336283,526.96630859375,65920,0.0,0.0
2017-02-07 00:00:00+09:00,522.3029119318182,526.9663307883523,512.97607421875,512.97607421875,101960,0.0,0.0
2017-02-08 00:00:00+09:00,512.97607421875,517.6394930752841,503.64923650568187,512.97607421875,104480,0.0,0.0
2017-02-09 00:00:00+09:00,503.64920351920875,512.9760406214162,494.32236641700115,508.3126220703125,196120,0.0,0.0
2017-02-10 00:00:00+09:00,508.31265536221593,522.3029119318182,503.64923650568187,512.97607421875,67300,0.0,0.0
2017-02-13 00:00:00+09:00,517.6394985743931,531.62975529262,517.6394985743931,522.3029174804688,112760,0.0,0.0
2017-02-14 00:00:00+09:00,522.3029551630434,554.9468898607337,517.6395359205163,536.293212890625,269100,0.0,0.0
2017-02-15 00:00:00+09:00,536.2931796960663,545.6200176038241,526.9663417883087,531.6297607421875,132540,0.0,0.0
2017-02-16 00:00:00+09:00,531.6297272538717,531.6297272538717,526.96630859375,526.96630859375,51240,0.0,0.0
2017-02-17 00:00:00+09:00,526.966302545221,526.966302545221,512.9760467254364,517.6394653320312,78620,0.0,0.0
2017-02-20 00:00:00+09:00,522.3028899336283,531.6297272538717,512.9760526133849,526.96630859375,67440,0.0,0.0
2017-02-21 00:00:00+09:00,531.6297607421875,531.6297607421875,522.3029228344299,531.6297607421875,55100,0.0,0.0
2017-02-22 00:00:00+09:00,531.6297936480978,540.9566321331522,526.9663744055706,536.293212890625,96980,0.0,0.0
2017-02-23 00:00:00+09:00,531.6297936480978,540.9566321331522,526.9663744055706,536.293212890625,53060,0.0,0.0
2017-02-24 00:00:00+09:00,540.9566368689904,559.6103140024038,536.2932175856371,545.6200561523438,182760,0.0,0.0
2017-02-27 00:00:00+09:00,550.2833923339844,592.2541595458985,536.2931365966797,559.6102294921875,534960,0.0,0.0
2017-02-28 00:00:00+09:00,554.9468439275569,578.2639382102273,554.9468439275569,564.273681640625,136820,0.0,0.0
2017-03-01 00:00:00+09:00,564.2736418125993,568.9370603399761,545.6199677030919,550.2833862304688,125860,0.0,0.0
2017-03-02 00:00:00+09:00,550.2833862304688,559.6102232852224,545.6199677030919,550.2833862304688,67100,0.0,0.0
2017-03-03 00:00:00+09:00,550.2834800912552,568.9371573824842,545.620060768448,554.9468994140625,125280,0.0,0.0
2017-03-06 00:00:00+09:00,559.6103187368698,564.273738059677,550.2834800912552,554.9468994140625,53660,0.0,0.0
2017-03-07 00:00:00+09:00,559.6102232852224,559.6102232852224,550.2833862304688,550.2833862304688,40720,0.0,0.0
2017-03-08 00:00:00+09:00,550.2834800912552,554.9468994140625,545.620060768448,554.9468994140625,44040,0.0,0.0
2017-03-09 00:00:00+09:00,550.2834754356971,550.2834754356971,540.9566368689904,545.6200561523438,61840,0.0,0.0
2017-03-10 00:00:00+09:00,540.956549175715,550.2833862304688,540.956549175715,550.2833862304688,56040,0.0,0.0
2017-03-13 00:00:00+09:00,550.2834754356971,550.2834754356971,540.9566368689904,545.6200561523438,33880,0.0,0.0
2017-03-14 00:00:00+09:00,550.2834754356971,550.2834754356971,540.9566368689904,545.6200561523438,30420,0.0,0.0
2017-03-15 00:00:00+09:00,540.9566321331522,550.2834706182065,536.293212890625,536.293212890625,56800,0.0,0.0
2017-03-16 00:00:00+09:00,540.9566321331522,540.9566321331522,522.3029551630434,536.293212890625,75400,0.0,0.0
2017-03-17 00:00:00+09:00,522.3028899336283,536.2931459139934,517.6394712735066,526.96630859375,66880,0.0,0.0
2017-03-21 00:00:00+09:00,512.9760685673467,512.9760685673467,489.65897454155817,503.64923095703125,158560,0.0,0.0
2017-03-22 00:00:00+09:00,494.3223603150555,508.3126157956703,494.3223603150555,498.98577880859375,45880,0.0,0.0
2017-03-23 00:00:00+09:00,508.3126753321234,508.3126753321234,489.65899917314636,494.3224182128906,80040,0.0,0.0
2017-03-24 00:00:00+09:00,517.6394873725044,526.9663249828197,503.64923095703125,503.64923095703125,147500,0.0,0.0
2017-03-27 00:00:00+09:00,494.3223603150555,503.649197302132,494.3223603150555,498.98577880859375,31740,0.0,0.0
2017-03-28 00:00:00+09:00,498.98583725263484,503.6492562923791,494.3224182128906,494.3224182128906,23620,0.0,0.0
2017-03-29 00:00:00+09:00,494.3223933467159,517.6394873725044,489.65897454155817,503.64923095703125,85000,0.0,0.0
2017-03-30 00:00:00+09:00,503.6492095122466,517.6394653320312,503.6492095122466,517.6394653320312,36100,0.0,0.0
2017-03-31 00:00:00+09:00,512.9760406214162,517.6394591725201,508.3126220703125,508.3126220703125,36960,0.0,0.0
2017-04-03 00:00:00+09:00,503.6492562923791,503.6492562923791,494.3224182128906,494.3224182128906,71780,0.0,0.0
2017-04-04 00:00:00+09:00,494.3223847888765,503.6492222377232,480.3321286156064,489.6589660644531,66980,0.0,0.0
2017-04-05 00:00:00+09:00,498.98583725263484,498.98583725263484,489.65899917314636,494.3224182128906,24660,0.0,0.0
2017-04-06 00:00:00+09:00,494.3224074419807,494.3224074419807,475.6687316894531,475.6687316894531,48040,0.0,0.0
2017-04-07 00:00:00+09:00,480.3321257371169,489.6589631300706,475.66870704064,484.99554443359375,33080,0.0,0.0
2017-04-10 00:00:00+09:00,489.6589631300706,498.98580052302435,484.99554443359375,484.99554443359375,23740,0.0,0.0
2017-04-11 00:00:00+09:00,480.3321533203125,489.65899124886226,480.3321533203125,480.3321533203125,48800,0.0,0.0
2017-04-12 00:00:00+09:00,475.6687204789142,475.6687204789142,457.0150451660156,457.0150451660156,107020,0.0,0.0
2017-04-13 00:00:00+09:00,447.68820473582474,461.67846113381927,443.02478593649323,452.35162353515625,87400,0.0,0.0
2017-04-14 00:00:00+09:00,466.3418799331508,512.9760679264658,443.02478593649323,452.35162353515625,293640,0.0,0.0
2017-04-17 00:00:00+09:00,438.36138916015625,447.6882272273936,429.0345510929189,438.36138916015625,61560,0.0,0.0
2017-04-18 00:00:00+09:00,447.68823982007575,466.3419164792456,443.0248206552833,461.6784973144531,70840,0.0,0.0
2017-04-19 00:00:00+09:00,461.6784748750575,484.99556956571695,457.0150559369256,475.6687316894531,71240,0.0,0.0
2017-04-20 00:00:00+09:00,484.99556679300747,484.99556679300747,466.34189114712257,471.00531005859375,73340,0.0,0.0
2017-04-21 00:00:00+09:00,475.6687204789142,480.33213930713885,457.0150451660156,457.0150451660156,68760,0.0,0.0
2017-04-24 00:00:00+09:00,457.0150394439697,461.67845821380615,447.6882019042969,447.6882019042969,46700,0.0,0.0
2017-04-25 00:00:00+09:00,447.6882019042969,457.0150394439697,447.6882019042969,447.6882019042969,39380,0.0,0.0
2017-04-26 00:00:00+09:00,457.0150584989381,531.6297619273362,457.0150584989381,480.3321533203125,805340,0.0,0.0
2017-04-27 00:00:00+09:00,484.99554443359375,489.6589631300706,475.66870704064,484.99554443359375,117320,0.0,0.0
2017-04-28 00:00:00+09:00,484.99560957195376,554.9468994140625,484.99560957195376,554.9468994140625,610800,0.0,0.0
2017-05-01 00:00:00+09:00,545.6200114924733,582.9273627056339,540.9565925908282,573.6005249023438,409120,0.0,0.0
2017-05-02 00:00:00+09:00,573.600478867353,573.600478867353,540.956549175715,550.2833862304688,241500,0.0,0.0
2017-05-08 00:00:00+09:00,568.9371060006987,578.2639438039888,559.6102681974086,573.6005249023438,155840,0.0,0.0
2017-05-09 00:00:00+09:00,568.937121487403,601.5810546875,564.2737024588178,601.5810546875,297720,0.0,0.0
2017-05-10 00:00:00+09:00,601.5810378345091,643.5518079159865,592.2542000386253,624.8981323242188,429980,0.0,0.0
2017-05-11 00:00:00+09:00,615.5713170175334,624.8981551541627,610.9078979492188,610.9078979492188,164720,0.0,0.0
2017-05-12 00:00:00+09:00,620.234736085848,620.234736085848,587.5908026076455,610.9078979492188,160740,0.0,0.0
2017-05-15 00:00:00+09:00,610.9077894422743,694.8493177625868,610.9077894422743,671.5322265625,658260,0.0,0.0
2017-05-16 00:00:00+09:00,671.5323768028846,680.8592153695913,643.5518611027644,666.8689575195312,317060,0.0,0.0
2017-05-17 00:00:00+09:00,662.2055172710299,783.4544147995283,662.2055172710299,741.483642578125,1019960,0.0,0.0
2017-05-18 00:00:00+09:00,722.82991748646,811.4348751138324,713.5030798414733,760.1372680664062,965200,0.0,0.0
2017-05-19 00:00:00+09:00,760.1373191209709,774.1275765281054,722.8299660352791,741.483642578125,389380,0.0,0.0
2017-05-22 00:00:00+09:00,769.4641057113928,867.395900983752,750.8104304214197,760.1372680664062,1616720,0.0,0.0
2017-05-23 00:00:00+09:00,774.1274777183049,783.4543147992484,736.8201293945312,736.8201293945312,419660,0.0,0.0
2017-05-24 00:00:00+09:00,727.493357849121,774.1275474548339,699.5128440856934,746.1470336914062,388600,0.0,0.0
2017-05-25 00:00:00+09:00,755.473831857086,760.1372505722532,727.4933195660828,732.15673828125,148880,0.0,0.0
2017-05-26 00:00:00+09:00,718.1665199279785,750.8104526519775,708.8396820068359,746.1470336914062,199280,0.0,0.0
2017-05-29 00:00:00+09:00,746.147022361527,792.7812112591224,741.4836034717674,778.7909545898438,330480,0.0,0.0
2017-05-30 00:00:00+09:00,792.7812005120354,881.3861582163217,792.7812005120354,862.7324829101562,1003780,0.0,0.0
2017-05-31 00:00:00+09:00,858.0690696022727,886.0495827414774,848.7422318892046,872.059326171875,417280,0.0,0.0
2017-06-01 00:00:00+09:00,890.7129958694045,904.7032523490287,839.4153887774493,862.7324829101562,483760,0.0,0.0
2017-06-02 00:00:00+09:00,816.0982939363257,834.7519692262989,746.1470115989264,760.1372680664062,650060,0.0,0.0
2017-06-05 00:00:00+09:00,764.8006112234933,806.7713764735631,764.8006112234933,783.4542846679688,211140,0.0,0.0
2017-06-06 00:00:00+09:00,792.7811771990305,797.4445958884367,769.4640837520002,774.1275024414062,97940,0.0,0.0
2017-06-07 00:00:00+09:00,769.4641168103246,783.4543734796033,746.147022361527,778.7909545898438,167600,0.0,0.0
2017-06-08 00:00:00+09:00,778.7909090018567,783.4543276186342,750.8103973011912,755.4738159179688,110940,0.0,0.0
2017-06-09 00:00:00+09:00,760.1372405261528,783.4543337938262,755.4738218726181,764.8006591796875,138400,0.0,0.0
2017-06-12 00:00:00+09:00,774.127583120061,839.4154515759698,750.8104872429508,811.4349365234375,345960,0.0,0.0
2017-06-13 00:00:00+09:00,830.0884751263786,830.0884751263786,792.7811279296875,792.7811279296875,144960,0.0,0.0
2017-06-14 00:00:00+09:00,783.4544166742369,811.4349315554597,778.7909975273665,802.1080932617188,100140,0.0,0.0
2017-06-15 00:00:00+09:00,806.771479021039,820.7617358826755,792.7812221594024,797.4446411132812,133980,0.0,0.0
2017-06-16 00:00:00+09:00,806.7715173480154,848.7422899268139,797.4446789971713,811.4349365234375,312880,0.0,0.0
2017-06-19 00:00:00+09:00,820.7617086823454,909.3666658696441,816.0982898830139,904.7032470703125,555380,0.0,0.0
2017-06-20 00:00:00+09:00,932.683765308277,932.683765308277,839.4153887774493,862.7324829101562,512800,0.0,0.0
2017-06-21 00:00:00+09:00,909.3666498385483,960.6642557268766,886.0495562529444,928.0203247070312,1202860,0.0,0.0
2017-06-22 00:00:00+09:00,918.6935814512727,993.3082885742188,909.3667430609046,993.3082885742188,939280,0.0,0.0
2017-06-23 00:00:00+09:00,969.9910946800595,1063.2594691685267,932.6837448846727,979.3179321289062,1882960,0.0,0.0
2017-06-26 00:00:00+09:00,951.3374409578284,979.3179539271763,858.0690643933355,914.0300903320312,754340,0.0,0.0
2017-06-27 00:00:00+09:00,900.0398393110796,918.693514737216,872.059326171875,872.059326171875,343100,0.0,0.0
2017-06-28 00:00:00+09:00,872.0593592866938,895.3764544547872,853.4056831522191,876.7227783203125,240200,0.0,0.0
2017-06-29 00:00:00+09:00,881.3861524237961,886.0495712196893,853.4056396484375,853.4056396484375,200780,0.0,0.0
2017-06-30 00:00:00+09:00,853.4056881553249,928.0203931306538,853.4056881553249,886.0496215820312,558780,0.0,0.0
2017-07-03 00:00:00+09:00,904.7032790693264,988.6448204262742,904.7032790693264,960.664306640625,1191080,0.0,0.0
2017-07-04 00:00:00+09:00,969.9910931611181,988.6447680296012,928.0203247070312,928.0203247070312,560100,0.0,0.0
2017-07-05 00:00:00+09:00,956.0008429532028,965.3276804454291,928.0203304765237,937.34716796875,325480,0.0,0.0
2017-07-06 00:00:00+09:00,942.0106296802995,1021.2887519801267,928.0203728038595,1011.9619140625,958880,0.0,0.0
2017-07-07 00:00:00+09:00,1002.6349884873136,1044.6057554472477,974.654477180691,1016.625244140625,857820,0.0,0.0
2017-07-10 00:00:00+09:00,1067.9228609102267,1119.2204655827702,997.9715818113035,1035.2789306640625,1431040,0.0,0.0
2017-07-11 00:00:00+09:00,1030.6155672940342,1067.922918146307,1007.2984730113637,1025.9521484375,435960,0.0,0.0
2017-07-12 00:00:00+09:00,1035.2789011988148,1081.9130859375,1011.961808829472,1081.9130859375,434720,0.0,0.0
2017-07-13 00:00:00+09:00,1049.2692311604817,1077.249743991428,1002.6350431089048,1007.2984619140625,577960,0.0,0.0
2017-07-14 00:00:00+09:00,1016.6253285127528,1030.6155853271484,932.6837876263787,951.3374633789062,914700,0.0,0.0
2017-07-17 00:00:00+09:00,951.3374633789062,951.3374633789062,951.3374633789062,951.3374633789062,0,0.0,0.0
2017-07-18 00:00:00+09:00,960.664261699316,993.3081929221082,937.34716796875,937.34716796875,537420,0.0,0.0
2017-07-19 00:00:00+09:00,918.6934976577759,932.6837539672852,876.722728729248,895.3764038085938,596220,0.0,0.0
2017-07-20 00:00:00+09:00,904.7032074453944,918.6934632306323,886.049533065077,890.7129516601562,359220,0.0,0.0
2017-07-21 00:00:00+09:00,909.3666658696441,928.0203410669701,886.0495718729865,904.7032470703125,477740,0.0,0.0
2017-07-24 00:00:00+09:00,928.0204137936987,979.3180246064156,909.3667371345289,923.3569946289062,831640,0.0,0.0
2017-07-25 00:00:00+09:00,932.683837890625,956.0009338378907,918.6935803222657,932.683837890625,310380,0.0,0.0
2017-07-26 00:00:00+09:00,932.6837375079315,937.3471561954711,914.0300627577728,918.6934814453125,157100,0.0,0.0
2017-07-27 00:00:00+09:00,918.6935034683071,923.3569222676385,881.386153073655,904.7032470703125,243000,0.0,0.0
2017-07-28 00:00:00+09:00,909.366660118103,918.6934976577759,890.7129850387573,895.3764038085938,128480,0.0,0.0
2017-07-31 00:00:00+09:00,881.3861638849432,890.7130015980114,816.098299893466,872.059326171875,353220,0.0,0.0
2017-08-01 00:00:00+09:00,872.0592968612067,876.7227155609993,816.0982724636962,825.4251098632812,227840,0.0,0.0
2017-08-02 00:00:00+09:00,811.434875818201,867.3959017366976,811.434875818201,862.7324829101562,190060,0.0,0.0
2017-08-03 00:00:00+09:00,867.3958960361168,881.3861524237961,848.7422208525444,853.4056396484375,108480,0.0,0.0
2017-08-04 00:00:00+09:00,872.0592772798389,951.3373933961878,862.7324400896802,890.7129516601562,761320,0.0,0.0
2017-08-07 00:00:00+09:00,904.7032526755819,937.3471844731545,881.3861585344587,914.0300903320312,563220,0.0,0.0
2017-08-08 00:00:00+09:00,909.3666938425963,909.3666938425963,881.386180185901,900.0398559570312,394920,0.0,0.0
2017-08-09 00:00:00+09:00,890.7129850387573,895.3764038085938,867.3958911895752,895.3764038085938,168700,0.0,0.0
2017-08-10 00:00:00+09:00,886.0496056598166,890.7130246369735,844.0788348654042,858.069091796875,257620,0.0,0.0
2017-08-11 00:00:00+09:00,858.069091796875,858.069091796875,858.069091796875,858.069091796875,0,0.0,0.0
2017-08-14 00:00:00+09:00,825.4251989884809,839.4154565984552,797.4446837685325,820.7617797851562,220420,0.0,0.0
2017-08-15 00:00:00+09:00,820.7617499168883,890.7130354211686,816.0983308832697,876.7227783203125,310280,0.0,0.0
2017-08-16 00:00:00+09:00,876.7227450284091,886.0495827414774,853.4056507457386,872.059326171875,118620,0.0,0.0
2017-08-17 00:00:00+09:00,876.7227450284091,900.0398393110796,867.395907315341,872.059326171875,125040,0.0,0.0
2017-08-18 00:00:00+09:00,862.732526277241,900.0398787649054,853.4056881553249,886.0496215820312,278540,0.0,0.0
2017-08-21 00:00:00+09:00,909.36669921875,928.0203751001602,900.0398612780449,909.36669921875,342920,0.0,0.0
2017-08-22 00:00:00+09:00,923.3568578259699,946.6739501953125,904.7031839304957,946.6739501953125,399660,0.0,0.0
2017-08-23 00:00:00+09:00,965.3276605650436,1011.9618470657704,951.3374046148256,1002.635009765625,861220,0.0,0.0
2017-08-24 00:00:00+09:00,983.981367888274,1025.9521371346934,983.981367888274,1007.2984619140625,720160,0.0,0.0
2017-08-25 00:00:00+09:00,1016.6252819242932,1063.2594691685267,974.6545134044829,979.3179321289062,1442420,0.0,0.0
2017-08-28 00:00:00+09:00,997.9715911155523,1021.2886843659156,983.9813351653343,1002.635009765625,440540,0.0,0.0
2017-08-29 00:00:00+09:00,983.806252192525,1002.6350799856834,964.9774243993667,969.6846313476562,398320,10.0,0.0
2017-08-30 00:00:00+09:00,979.0990452442354,988.5134591408146,950.8558035544979,969.6846313476562,275740,0.0,0.0
2017-08-31 00:00:00+09:00,964.9773712895343,979.098991357186,964.9773712895343,974.3917846679688,124340,0.0,0.0
2017-09-01 00:00:00+09:00,979.0990141369048,1012.0494617280506,969.6846005394345,988.513427734375,338060,0.0,0.0
2017-09-04 00:00:00+09:00,997.9278184047965,1044.999885310683,983.8061983330306,1012.0494384765625,1290300,0.0,0.0
2017-09-05 00:00:00+09:00,1035.5854383947815,1044.9998514710976,889.6620357118804,955.5629272460938,1138540,0.0,0.0
2017-09-06 00:00:00+09:00,913.1981338800169,983.8062370150698,899.0765132530063,960.2702026367188,307020,0.0,0.0
2017-09-07 00:00:00+09:00,988.5134047356205,1002.6350248032722,964.9773712895343,974.3917846679688,277420,0.0,0.0
2017-09-08 00:00:00+09:00,983.806252192525,988.5134591408146,955.5630105027875,969.6846313476562,207980,0.0,0.0
2017-09-11 00:00:00+09:00,988.5134591408146,997.9278730373939,969.6846313476562,969.6846313476562,167680,0.0,0.0
2017-09-12 00:00:00+09:00,983.8062284207457,1007.3422625934908,974.3918147516476,993.2206420898438,337420,0.0,0.0
2017-09-13 00:00:00+09:00,1007.3422393798828,1040.2926864624023,993.2206192016602,1016.7566528320312,694020,0.0,0.0
2017-09-14 00:00:00+09:00,1007.3422393798828,1007.3422393798828,969.6845855712891,979.0989990234375,446500,0.0,0.0
2017-09-15 00:00:00+09:00,955.5629427281822,988.513389029154,955.5629427281822,964.9773559570312,315280,0.0,0.0
2017-09-18 00:00:00+09:00,964.9773559570312,964.9773559570312,964.9773559570312,964.9773559570312,0,0.0,0.0
2017-09-19 00:00:00+09:00,983.806252192525,988.5134591408146,969.6846313476562,969.6846313476562,209920,0.0,0.0
2017-09-20 00:00:00+09:00,974.3917533987261,974.3917533987261,955.5629272460938,955.5629272460938,183720,0.0,0.0
2017-09-21 00:00:00+09:00,964.9774095123889,983.8062370150698,960.2702026367188,960.2702026367188,169680,0.0,0.0
2017-09-22 00:00:00+09:00,964.9774243993667,988.5134591408146,955.5630105027875,969.6846313476562,192200,0.0,0.0
2017-09-25 00:00:00+09:00,960.2702026367188,979.0990301393996,955.5629957610486,960.2702026367188,168420,0.0,0.0
2017-09-26 00:00:00+09:00,955.5629730983753,960.2701798624066,946.1485595703125,946.1485595703125,173640,0.0,0.0
2017-09-27 00:00:00+09:00,955.5629427281822,974.3917691858803,950.8557361137576,964.9773559570312,127740,0.0,0.0
2017-09-28 00:00:00+09:00,974.3918382959458,979.0990452442354,960.2702174510771,969.6846313476562,148760,0.0,0.0
2017-09-29 00:00:00+09:00,979.0990301393996,983.8062370150698,946.1485820097082,960.2702026367188,434360,0.0,0.0
2017-10-02 00:00:00+09:00,964.9774414062499,964.9774414062499,932.0269921874999,941.44140625,275960,0.0,0.0
2017-10-03 00:00:00+09:00,932.0269395897426,941.4413531209522,880.2476651680902,908.4909057617188,398020,0.0,0.0
2017-10-04 00:00:00+09:00,908.4908757088754,936.7341153682186,894.3692558792037,927.3197021484375,158800,0.0,0.0
2017-10-05 00:00:00+09:00,932.0269550030048,936.7341618464543,913.1981276292067,917.9053344726562,118780,0.0,0.0
2017-10-06 00:00:00+09:00,927.3197405313708,927.3197405313708,913.1981201171875,913.1981201171875,120980,0.0,0.0
2017-10-09 00:00:00+09:00,913.1981201171875,913.1981201171875,913.1981201171875,913.1981201171875,0,0.0,0.0
2017-10-10 00:00:00+09:00,917.9052889286564,932.0269087583281,913.1980823187658,927.3197021484375,103020,0.0,0.0
2017-10-11 00:00:00+09:00,941.4413375471106,950.8557509225817,932.0269241716395,936.734130859375,145780,0.0,0.0
2017-10-12 00:00:00+09:00,955.5629272460938,997.9277860895166,946.1485141697776,955.5629272460938,599880,0.0,0.0
2017-10-13 00:00:00+09:00,974.3917533987261,983.8061664750423,950.8557207079357,955.5629272460938,381780,0.0,0.0
2017-10-16 00:00:00+09:00,969.6846176458865,983.806238291215,899.0765144192443,922.612548828125,785700,0.0,0.0
2017-10-17 00:00:00+09:00,903.7837149064171,917.9053354518298,861.4188532701788,880.2476806640625,744660,0.0,0.0
2017-10-18 00:00:00+09:00,870.8332888954563,899.0765306974712,870.8332888954563,894.3693237304688,198300,0.0,0.0
2017-10-19 00:00:00+09:00,903.7837225731383,908.4909294615401,880.2476881311295,884.9548950195312,168380,0.0,0.0
2017-10-20 00:00:00+09:00,894.3692935410367,894.3692935410367,875.5404663085938,875.5404663085938,125240,0.0,0.0
2017-10-23 00:00:00+09:00,884.9549296985973,884.9549296985973,823.7612377513539,828.4684448242188,673060,0.0,0.0
2017-10-24 00:00:00+09:00,823.7611690681138,823.7611690681138,767.2746889034431,786.103515625,649560,0.0,0.0
2017-10-25 00:00:00+09:00,790.8107688210227,800.2251827355587,776.6891479492188,776.6891479492188,177320,0.0,0.0
2017-10-26 00:00:00+09:00,786.103507903685,786.103507903685,753.1530614646084,781.3963012695312,331940,0.0,0.0
2017-10-27 00:00:00+09:00,786.1035618637547,790.8107688210227,771.9819409919508,776.6891479492188,199640,0.0,0.0
2017-10-30 00:00:00+09:00,776.6891329712663,786.1035467042514,762.5675123717888,767.2747192382812,224340,0.0,0.0
2017-10-31 00:00:00+09:00,771.9818872379351,771.9818872379351,734.3242342019383,743.7386474609375,311920,0.0,0.0
2017-11-01 00:00:00+09:00,762.5674973008055,786.1035311681143,748.4458769804202,757.8602905273438,307320,0.0,0.0
2017-11-02 00:00:00+09:00,767.2747040742672,776.6891176211908,753.153083753882,757.8602905273438,131880,0.0,0.0
2017-11-03 00:00:00+09:00,757.8602905273438,757.8602905273438,757.8602905273438,757.8602905273438,0,0.0,0.0
2017-11-06 00:00:00+09:00,762.5674896240234,767.2746963500977,748.4458694458008,753.153076171875,135080,0.0,0.0
2017-11-07 00:00:00+09:00,748.4458929246472,753.1530997983871,720.2026516822076,729.6170654296875,253960,0.0,0.0
2017-11-08 00:00:00+09:00,724.9098056891027,734.32421875,696.6665665064103,734.32421875,402640,0.0,0.0
2017-11-09 00:00:00+09:00,771.98195816136,790.810786409198,734.324301665684,748.4459228515625,596960,0.0,0.0
2017-11-10 00:00:00+09:00,734.324256660035,762.5674973008055,734.324256660035,757.8602905273438,144880,0.0,0.0
2017-11-13 00:00:00+09:00,762.5674579326924,767.2746644631411,734.32421875,734.32421875,148680,0.0,0.0
2017-11-14 00:00:00+09:00,734.3242333984375,739.0314400227865,706.0809936523438,706.0809936523438,187300,0.0,0.0
2017-11-15 00:00:00+09:00,706.0809453328451,706.0809453328451,668.4232949150933,677.8377075195312,262460,0.0,0.0
2017-11-16 00:00:00+09:00,673.130547281901,715.4954069010417,673.130547281901,706.0809936523438,170040,0.0,0.0
2017-11-17 00:00:00+09:00,706.081001332264,724.9098280344577,706.081001332264,710.7882080078125,97480,0.0,0.0
2017-11-20 00:00:00+09:00,710.7882080078125,720.2026213589094,701.3737946567156,710.7882080078125,79760,0.0,0.0
2017-11-21 00:00:00+09:00,710.788215637207,715.4954223632812,701.3738021850586,715.4954223632812,38840,0.0,0.0
2017-11-22 00:00:00+09:00,715.4954002040207,739.0314331054688,706.0809870434415,739.0314331054688,138420,0.0,0.0
2017-11-23 00:00:00+09:00,739.0314331054688,739.0314331054688,739.0314331054688,739.0314331054688,0,0.0,0.0
2017-11-24 00:00:00+09:00,739.0314408314379,748.4458540904371,734.3242342019383,743.7386474609375,89360,0.0,0.0
2017-11-27 00:00:00+09:00,757.8603369754815,771.98195816136,748.4459228515625,748.4459228515625,212520,0.0,0.0
2017-11-28 00:00:00+09:00,757.8602514022436,757.8602514022436,724.9098056891027,734.32421875,131320,0.0,0.0
2017-11-29 00:00:00+09:00,739.0314331054688,748.445846266048,729.6170199448895,739.0314331054688,98020,0.0,0.0
2017-11-30 00:00:00+09:00,739.0314559936523,739.0314559936523,706.0810089111328,715.4954223632812,194960,0.0,0.0
2017-12-01 00:00:00+09:00,715.4954223632812,720.2026290893555,706.0810089111328,715.4954223632812,52840,0.0,0.0
2017-12-04 00:00:00+09:00,715.4954299428105,734.3242570465686,710.7882231668709,720.20263671875,59580,0.0,0.0
2017-12-05 00:00:00+09:00,715.4954299428105,724.9098434946895,701.3738096149918,720.20263671875,119120,0.0,0.0
2017-12-06 00:00:00+09:00,715.4954223632812,720.2026290893555,701.3738021850586,715.4954223632812,80060,0.0,0.0
2017-12-07 00:00:00+09:00,710.7882542962195,715.4954612783138,701.3738403320312,701.3738403320312,65820,0.0,0.0
2017-12-08 00:00:00+09:00,701.3738329088366,706.0810398411106,691.9594190442884,696.6666259765625,90560,0.0,0.0
2017-12-11 00:00:00+09:00,691.9594190442884,701.3738329088366,682.5450051797403,696.6666259765625,96560,0.0,0.0
2017-12-12 00:00:00+09:00,696.6665954589844,724.9098358154297,691.9593887329102,715.4954223632812,253040,0.0,0.0
2017-12-13 00:00:00+09:00,710.7882542962195,710.7882542962195,696.666633349937,701.3738403320312,57600,0.0,0.0
2017-12-14 00:00:00+09:00,701.3738329088366,706.0810398411106,696.6666259765625,696.6666259765625,52420,0.0,0.0
2017-12-15 00:00:00+09:00,701.373825384646,706.0810322664222,687.2522047393177,691.9594116210938,91300,0.0,0.0
2017-12-18 00:00:00+09:00,691.9594040962115,701.3738177573845,687.252197265625,687.252197265625,130900,0.0,0.0
2017-12-19 00:00:00+09:00,687.2521201239691,691.9593264261881,677.8377075195312,677.8377075195312,147180,0.0,0.0
2017-12-20 00:00:00+09:00,668.4233625740841,706.0810168036099,668.4233625740841,682.5449829101562,250580,0.0,0.0
2017-12-21 00:00:00+09:00,682.5450294334572,687.2522365329983,673.130615234375,673.130615234375,118880,0.0,0.0
2017-12-22 00:00:00+09:00,677.8377075195312,687.2521201239691,668.4232949150933,677.8377075195312,255440,0.0,0.0
2017-12-25 00:00:00+09:00,706.0809927926937,710.7881994113117,668.42333984375,668.42333984375,244280,0.0,0.0
2017-12-26 00:00:00+09:00,663.7161865234375,677.8378075132979,659.0089795268174,663.7161865234375,244980,0.0,0.0
2017-12-27 00:00:00+09:00,668.423377212213,706.0810322664222,663.7161703304369,691.9594116210938,290980,0.0,0.0
2017-12-28 00:00:00+09:00,701.3738329088366,706.0810398411106,687.2522121120144,696.6666259765625,177160,0.0,0.0
2017-12-29 00:00:00+09:00,696.666633349937,701.3738403320312,687.2522193857487,701.3738403320312,114040,0.0,0.0
2018-01-01 00:00:00+09:00,701.3738403320312,701.3738403320312,701.3738403320312,701.3738403320312,0,0.0,0.0
2018-01-02 00:00:00+09:00,701.3738403320312,701.3738403320312,701.3738403320312,701.3738403320312,0,0.0,0.0
2018-01-03 00:00:00+09:00,701.3738403320312,701.3738403320312,701.3738403320312,701.3738403320312,0,0.0,0.0
2018-01-04 00:00:00+09:00,706.0810089111328,715.4954223632812,701.3738021850586,715.4954223632812,135980,0.0,0.0
2018-01-05 00:00:00+09:00,715.4954299428105,734.3242570465686,710.7882231668709,720.20263671875,191060,0.0,0.0
2018-01-08 00:00:00+09:00,720.20263671875,720.20263671875,720.20263671875,720.20263671875,0,0.0,0.0
2018-01-09 00:00:00+09:00,739.0314559936523,757.8602828979492,724.9098358154297,753.153076171875,356440,0.0,0.0
2018-01-10 00:00:00+09:00,767.2746660186024,781.3962856385766,753.153046398628,771.9818725585938,381440,0.0,0.0
2018-01-11 00:00:00+09:00,701.3738021850586,715.4954223632812,687.2521820068359,715.4954223632812,686380,0.0,0.0
2018-01-12 00:00:00+09:00,710.7882542962195,720.2026682604079,701.3738403320312,701.3738403320312,211360,0.0,0.0
2018-01-15 00:00:00+09:00,701.3737861740757,701.3737861740757,668.42333984375,668.42333984375,516680,0.0,0.0
2018-01-16 00:00:00+09:00,673.1305913151922,706.0810398411106,663.7161774506441,696.6666259765625,418360,0.0,0.0
2018-01-17 00:00:00+09:00,701.3738578316215,701.3738578316215,668.423408134834,673.130615234375,221320,0.0,0.0
2018-01-18 00:00:00+09:00,677.8377371651785,682.54494367327,659.0089111328125,659.0089111328125,298120,0.0,0.0
2018-01-19 00:00:00+09:00,668.4233784847122,668.4233784847122,654.3017578125,654.3017578125,236160,0.0,0.0
2018-01-22 00:00:00+09:00,659.0088952105978,668.4233079993206,644.8872760275135,649.594482421875,264320,0.0,0.0
2018-01-23 00:00:00+09:00,659.0089257083722,659.0089257083722,626.0584794229536,630.7656860351562,349620,0.0,0.0
2018-01-24 00:00:00+09:00,630.7656703139796,635.4728768088601,621.3512573242188,621.3512573242188,248200,0.0,0.0
2018-01-25 00:00:00+09:00,626.0585471824363,644.8873756691262,621.3513400607638,635.4729614257812,253160,0.0,0.0
2018-01-26 00:00:00+09:00,635.4728768088601,644.8872897986209,616.6440508293383,621.3512573242188,254280,0.0,0.0
2018-01-29 00:00:00+09:00,616.64412109375,621.351328125,583.693671875,588.40087890625,422480,0.0,0.0
2018-01-30 00:00:00+09:00,578.9864350626292,583.6936418517562,560.1576079061209,569.572021484375,434880,0.0,0.0
2018-01-31 00:00:00+09:00,569.5720681583181,574.2792753331802,550.7432394588695,560.1576538085938,274180,0.0,0.0
2018-02-01 00:00:00+09:00,574.2792058066716,602.522445436508,569.571999201699,593.1080322265625,372040,0.0,0.0
2018-02-02 00:00:00+09:00,588.4008640196265,593.1080709317836,569.5720363709985,578.9864501953125,130400,0.0,0.0
2018-02-05 00:00:00+09:00,555.4504011169938,574.2792282735021,555.4504011169938,569.572021484375,131600,0.0,0.0
2018-02-06 00:00:00+09:00,541.3287734985352,555.4503936767578,475.4278793334961,508.3783264160156,665360,0.0,0.0
2018-02-07 00:00:00+09:00,541.3287324994524,541.3287324994524,503.67108154296875,503.67108154296875,285560,0.0,0.0
2018-02-08 00:00:00+09:00,517.792754591557,536.62158203125,508.3783408717106,536.62158203125,144980,0.0,0.0
2018-02-09 00:00:00+09:00,508.378318992821,527.2071456221847,503.67111233548,522.4999389648438,140600,0.0,0.0
2018-02-12 00:00:00+09:00,522.4999389648438,522.4999389648438,522.4999389648438,522.4999389648438,0,0.0,0.0
2018-02-13 00:00:00+09:00,536.6215509588068,541.3287575461648,517.792724609375,517.792724609375,111540,0.0,0.0
2018-02-14 00:00:00+09:00,508.37833426339284,513.085541062128,475.42788667224704,494.2567138671875,285360,0.0,0.0
2018-02-15 00:00:00+09:00,494.25670623779297,513.0855331420898,489.54949951171875,508.3783264160156,90940,0.0,0.0
2018-02-16 00:00:00+09:00,503.67108154296875,508.3782879125292,498.96387517340827,503.67108154296875,118560,0.0,0.0
2018-02-19 00:00:00+09:00,503.67110484730114,517.792724609375,494.2566916725852,517.792724609375,162040,0.0,0.0
2018-02-20 00:00:00+09:00,517.792726546999,626.0584784613716,517.792726546999,593.1080322265625,1089680,0.0,0.0
2018-02-21 00:00:00+09:00,593.1080836245889,644.887360766418,593.1080836245889,626.0585327148438,939540,0.0,0.0
2018-02-22 00:00:00+09:00,626.0585178054927,630.7657247062858,597.8152764007335,616.6441040039062,324360,0.0,0.0
2018-02-23 00:00:00+09:00,640.1801829094435,668.4234262730954,621.3513540003422,644.8873901367188,650640,0.0,0.0
2018-02-26 00:00:00+09:00,654.3018045912694,663.71621904582,630.7657684548929,644.8873901367188,326580,0.0,0.2
2018-02-27 00:00:00+09:00,654.3016888162364,654.3016888162364,635.4728632387908,649.594482421875,159840,0.0,0.0
2018-02-28 00:00:00+09:00,640.1800696331521,654.3016888162364,630.7656568444294,649.594482421875,163300,0.0,0.0
2018-03-01 00:00:00+09:00,644.8873756691262,654.301789912471,630.7657543041088,635.4729614257812,144940,0.0,0.0
2018-03-02 00:00:00+09:00,611.9368595863456,635.4728926473589,602.5224463619403,630.7656860351562,170780,0.0,0.0
2018-03-05 00:00:00+09:00,640.1800833037405,654.3017027883818,621.3512573242188,621.3512573242188,301440,0.0,0.0
2018-03-06 00:00:00+09:00,644.887321472168,644.887321472168,626.0584945678711,640.1801147460938,163480,0.0,0.0
2018-03-07 00:00:00+09:00,635.472946740631,644.887360766418,621.3513257019503,626.0585327148438,217100,0.0,0.0
2018-03-08 00:00:00+09:00,630.7657543041088,640.1801685474537,621.3513400607638,635.4729614257812,192460,0.0,0.0
2018-03-09 00:00:00+09:00,640.1801685474537,640.1801685474537,626.0585471824363,635.4729614257812,141540,0.0,0.0
2018-03-12 00:00:00+09:00,640.1801219019396,691.9593964675378,630.7657083445582,682.5449829101562,936080,0.0,0.0
2018-03-13 00:00:00+09:00,701.3738100249192,715.4954303609913,677.8377761314655,682.5449829101562,762880,0.0,0.0
2018-03-14 00:00:00+09:00,677.8377761314655,691.9593964675378,668.4233625740841,682.5449829101562,203140,0.0,0.0
2018-03-15 00:00:00+09:00,677.8377371651785,682.54494367327,654.301704624721,659.0089111328125,357800,0.0,0.0
2018-03-16 00:00:00+09:00,654.3017578125,659.0089647032373,640.1801371402877,654.3017578125,197800,0.0,0.0
2018-03-19 00:00:00+09:00,659.0089970341435,659.0089970341435,630.7657543041088,635.4729614257812,219260,0.0,0.0
2018-03-20 00:00:00+09:00,621.351309577338,659.0089647032373,616.6441026866007,654.3017578125,171300,0.0,0.0
2018-03-21 00:00:00+09:00,654.3017578125,654.3017578125,654.3017578125,654.3017578125,0,0.0,0.0
2018-03-22 00:00:00+09:00,673.1306335003707,682.5450479549213,640.1801829094435,644.8873901367188,235740,0.0,0.0
2018-03-23 00:00:00+09:00,583.6936265840305,611.936866580032,583.6936265840305,597.8152465820312,377220,0.0,0.0
2018-03-26 00:00:00+09:00,578.9864124116443,593.1080322265625,564.8647925967263,593.1080322265625,227700,0.0,0.0
2018-03-27 00:00:00+09:00,602.522431344697,621.3512573242188,593.108018354936,621.3512573242188,202420,0.0,0.0
2018-03-28 00:00:00+09:00,611.9368820781856,616.6440888634024,602.5224685077519,607.2296752929688,127140,0.0,0.0
2018-03-29 00:00:00+09:00,616.644096491887,626.058510178786,607.229682804988,611.9368896484375,96640,0.0,0.0
2018-03-30 00:00:00+09:00,611.9368896484375,621.3513033353365,611.9368896484375,611.9368896484375,92520,0.0,0.0
2018-04-02 00:00:00+09:00,626.0584945678711,649.5945281982422,626.0584945678711,640.1801147460938,187120,0.0,0.0
2018-04-03 00:00:00+09:00,630.7657543041088,644.8873756691262,630.7657543041088,635.4729614257812,79740,0.0,0.0
2018-04-04 00:00:00+09:00,644.887360766418,644.887360766418,621.3513257019503,626.0585327148438,105240,0.0,0.0
2018-04-05 00:00:00+09:00,626.058502433836,630.7657092190528,607.2296752929688,607.2296752929688,157260,0.0,0.0
2018-04-06 00:00:00+09:00,607.2296994116998,607.2296994116998,578.9864575785975,583.6936645507812,207820,0.0,0.0
2018-04-09 00:00:00+09:00,578.9864124116443,602.522445436508,578.9864124116443,593.1080322265625,116300,0.0,0.0
2018-04-10 00:00:00+09:00,597.8152465820312,602.5224532480315,588.4008332500307,597.8152465820312,67540,0.0,0.0
2018-04-11 00:00:00+09:00,621.3512956486192,621.3512956486192,597.8152617225351,607.2296752929688,161400,0.0,0.0
2018-04-12 00:00:00+09:00,588.4008256215898,602.522445436508,583.693619016617,593.1080322265625,121660,0.0,0.0
2018-04-13 00:00:00+09:00,593.1080474853516,602.5224609375,593.1080474853516,602.5224609375,55500,0.0,0.0
2018-04-16 00:00:00+09:00,597.81529296875,616.64412109375,588.40087890625,588.40087890625,203920,0.0,0.0
2018-04-17 00:00:00+09:00,593.1080322265625,602.522445436508,583.693619016617,593.1080322265625,116780,0.0,0.0
2018-04-18 00:00:00+09:00,597.81529296875,602.5224999999999,588.40087890625,588.40087890625,101960,0.0,0.0
2018-04-19 00:00:00+09:00,588.4008332500307,597.8152465820312,588.4008332500307,597.8152465820312,41520,0.0,0.0
2018-04-20 00:00:00+09:00,593.1080549373183,611.9368820781856,593.1080549373183,607.2296752929688,135760,0.0,0.0
2018-04-23 00:00:00+09:00,611.936866580032,621.3512799120325,588.4008332500307,597.8152465820312,176940,0.0,0.0
2018-04-24 00:00:00+09:00,602.5224532480315,602.5224532480315,593.108039916031,597.8152465820312,74220,0.0,0.0
2018-04-25 00:00:00+09:00,597.8152542114258,607.2296676635742,593.1080474853516,602.5224609375,61820,0.0,0.0
2018-04-26 00:00:00+09:00,611.9369395457916,654.3018045912694,607.2297323185162,644.8873901367188,607380,0.0,0.0
2018-04-27 00:00:00+09:00,654.3017349243164,663.7161483764648,630.7657012939453,640.1801147460938,405480,0.0,0.0
2018-04-30 00:00:00+09:00,640.1801147460938,640.1801147460938,640.1801147460938,640.1801147460938,0,0.0,0.0
2018-05-01 00:00:00+09:00,649.5945443960336,654.3017512394831,607.229682804988,611.9368896484375,270540,0.0,0.0
2018-05-02 00:00:00+09:00,611.936925817419,635.4729614257812,611.936925817419,635.4729614257812,122280,0.0,0.0
2018-05-03 00:00:00+09:00,635.4729614257812,635.4729614257812,635.4729614257812,635.4729614257812,0,0.0,0.0
2018-05-04 00:00:00+09:00,635.4729614257812,635.4729614257812,635.4729614257812,635.4729614257812,0,0.0,0.0
2018-05-07 00:00:00+09:00,640.1801537535245,640.1801537535245,626.0585327148438,626.0585327148438,93240,0.0,0.0
2018-05-08 00:00:00+09:00,630.7656860351562,635.4728926473589,621.351272810751,630.7656860351562,84980,0.0,0.0
2018-05-09 00:00:00+09:00,630.7656703139796,630.7656703139796,611.9368443344579,621.3512573242188,115700,0.0,0.0
2018-05-10 00:00:00+09:00,621.3513109046994,626.0585178054927,616.6441040039062,616.6441040039062,71600,0.0,0.0
2018-05-11 00:00:00+09:00,616.6441186890567,626.0585327148438,611.936911676163,626.0585327148438,112200,0.0,0.0
2018-05-14 00:00:00+09:00,621.3513033353365,621.3513033353365,607.229682804988,611.9368896484375,85080,0.0,0.0
2018-05-15 00:00:00+09:00,607.2296520414807,626.0584784613716,593.1080322265625,593.1080322265625,272160,0.0,0.0
2018-05-16 00:00:00+09:00,593.1080322265625,602.522445436508,593.1080322265625,593.1080322265625,74180,0.0,0.0
2018-05-17 00:00:00+09:00,593.108039916031,597.8152465820312,588.4008332500307,597.8152465820312,125880,0.0,0.0
2018-05-18 00:00:00+09:00,593.1080784951487,593.1080784951487,574.2792506064138,583.6936645507812,144480,0.0,0.0
2018-05-21 00:00:00+09:00,583.6936571074694,588.4008640196265,574.2792432831554,578.9864501953125,85200,0.0,0.0
2018-05-22 00:00:00+09:00,583.6936418517562,583.6936418517562,564.864814695248,569.572021484375,158100,0.0,0.0
2018-05-23 00:00:00+09:00,569.5720138549805,574.2792205810547,564.8648071289062,564.8648071289062,84140,0.0,0.0
2018-05-24 00:00:00+09:00,564.8647755589978,564.8647755589978,541.3287432440396,546.0359497070312,228460,0.0,0.0
2018-05-25 00:00:00+09:00,546.0360180455395,555.450432149773,536.6216039413061,550.7432250976562,178120,0.0,0.0
2018-05-28 00:00:00+09:00,546.0359652244439,560.1575850147312,541.3287586276814,555.4503784179688,67960,0.0,0.0
2018-05-29 00:00:00+09:00,564.8647916114936,574.2792048050186,550.7431718212063,555.4503784179688,94960,0.0,0.0
2018-05-30 00:00:00+09:00,550.7432250976562,560.1576392018898,546.0360180455395,550.7432250976562,104580,0.0,0.0
2018-05-31 00:00:00+09:00,555.4503784179688,560.1575850147312,546.0359652244439,555.4503784179688,85520,0.0,0.0
2018-06-01 00:00:00+09:00,560.1576538085938,560.1576538085938,550.7432394588695,560.1576538085938,38980,0.0,0.0
2018-06-04 00:00:00+09:00,560.1576538085938,560.1576538085938,550.7432394588695,560.1576538085938,50380,0.0,0.0
2018-06-05 00:00:00+09:00,564.8647755589978,588.4008078739561,546.0359497070312,546.0359497070312,265160,0.0,0.0
2018-06-06 00:00:00+09:00,550.7431718212063,560.1575850147312,550.7431718212063,555.4503784179688,83480,0.0,0.0
2018-06-07 00:00:00+09:00,588.40087890625,588.40087890625,564.86484375,588.40087890625,259460,0.0,0.0
2018-06-08 00:00:00+09:00,588.4008256215898,597.8152388315352,578.9864124116443,593.1080322265625,167600,0.0,0.0
2018-06-11 00:00:00+09:00,593.1080549373183,611.9368820781856,583.6936413668847,607.2296752929688,174160,0.0,0.0
2018-06-12 00:00:00+09:00,611.9368896484375,616.644096491887,602.5224759615385,611.9368896484375,86940,0.0,0.0
2018-06-13 00:00:00+09:00,611.9368896484375,626.058510178786,602.5224759615385,611.9368896484375,254260,0.0,0.0
2018-06-14 00:00:00+09:00,611.9368896484375,616.644096491887,602.5224759615385,611.9368896484375,70240,0.0,0.0
2018-06-15 00:00:00+09:00,616.644096491887,616.644096491887,602.5224759615385,611.9368896484375,97500,0.0,0.0
2018-06-18 00:00:00+09:00,616.6440888634024,616.6440888634024,602.5224685077519,607.2296752929688,79960,0.0,0.0
2018-06-19 00:00:00+09:00,611.9368586464534,611.9368586464534,588.4008256215898,593.1080322265625,107680,0.0,0.0
2018-06-20 00:00:00+09:00,588.4008332500307,602.5224532480315,578.9864199180303,597.8152465820312,90820,0.0,0.0
2018-06-21 00:00:00+09:00,602.5224532480315,602.5224532480315,597.8152465820312,597.8152465820312,34560,0.0,0.0
2018-06-22 00:00:00+09:00,593.1080474853516,607.2296676635742,588.4008407592773,602.5224609375,90540,0.0,0.0
2018-06-25 00:00:00+09:00,607.22970703125,611.9369140624999,588.40087890625,588.40087890625,100320,0.0,0.0
2018-06-26 00:00:00+09:00,588.400871522965,593.1080784951487,574.2792506064138,583.6936645507812,104540,0.0,0.0
2018-06-27 00:00:00+09:00,583.6936495421362,593.1080632444288,574.2792358398438,574.2792358398438,63420,0.0,0.0
2018-06-28 00:00:00+09:00,569.572021484375,578.9864350626292,560.1576079061209,569.572021484375,109080,0.0,0.0
2018-06-29 00:00:00+09:00,574.2792578125,588.40087890625,569.5720507812499,588.40087890625,51520,0.0,0.0
2018-07-02 00:00:00+09:00,588.4008563932825,602.5224769467213,574.2792358398438,574.2792358398438,148480,0.0,0.0
2018-07-03 00:00:00+09:00,578.9864350626292,593.1080554300104,569.572021484375,569.572021484375,97360,0.0,0.0
2018-07-04 00:00:00+09:00,583.6936418517562,583.6936418517562,564.864814695248,569.572021484375,53520,0.0,0.0
2018-07-05 00:00:00+09:00,564.8647755589978,578.9863949479728,546.0359497070312,546.0359497070312,206660,0.0,0.0
2018-07-06 00:00:00+09:00,550.7431943278667,574.2792282735021,550.7431943278667,569.572021484375,76200,0.0,0.0
2018-07-09 00:00:00+09:00,564.8648294588414,588.4008640196265,564.8648294588414,578.9864501953125,86580,0.0,0.0
2018-07-10 00:00:00+09:00,583.693671875,593.1080859374999,574.2792578125,588.40087890625,108920,0.0,0.0
2018-07-11 00:00:00+09:00,593.1080859374999,597.81529296875,578.98646484375,588.40087890625,147760,0.0,0.0
2018-07-12 00:00:00+09:00,508.3783264160156,522.4999465942383,503.6711196899414,508.3783264160156,702860,0.0,0.0
2018-07-13 00:00:00+09:00,498.96387517340827,513.0854942820896,498.96387517340827,503.67108154296875,174860,0.0,0.0
2018-07-16 00:00:00+09:00,503.67108154296875,503.67108154296875,503.67108154296875,503.67108154296875,0,0.0,0.0
2018-07-17 00:00:00+09:00,508.3783264160156,517.7927398681641,503.6711196899414,508.3783264160156,127440,0.0,0.0
2018-07-18 00:00:00+09:00,508.3782879125292,513.0854942820896,503.67108154296875,503.67108154296875,84360,0.0,0.0
2018-07-19 00:00:00+09:00,498.9639129638672,503.6711196899414,484.84229278564453,489.54949951171875,238060,0.0,0.0
2018-07-20 00:00:00+09:00,480.135100742556,498.96392822265625,480.135100742556,498.96392822265625,107240,0.0,0.0
2018-07-23 00:00:00+09:00,494.25666880384784,508.3782879125292,494.25666880384784,503.67108154296875,50720,0.0,0.0
2018-07-24 00:00:00+09:00,503.6710972217245,517.7927167699971,498.9638907056336,513.0855102539062,115700,0.0,0.0
2018-07-25 00:00:00+09:00,517.7927398681641,531.9143600463867,513.0855331420898,527.2071533203125,127980,0.0,0.0
2018-07-26 00:00:00+09:00,527.207137784091,527.207137784091,513.085518022017,517.792724609375,118040,0.0,0.0
2018-07-27 00:00:00+09:00,522.499931196733,527.207137784091,517.792724609375,517.792724609375,51880,0.0,0.0
2018-07-30 00:00:00+09:00,517.792724609375,522.499931196733,513.085518022017,517.792724609375,57220,0.0,0.0
2018-07-31 00:00:00+09:00,517.792724609375,522.499931196733,513.085518022017,517.792724609375,86000,0.0,0.0
2018-08-01 00:00:00+09:00,517.792724609375,522.499931196733,517.792724609375,517.792724609375,44160,0.0,0.0
2018-08-02 00:00:00+09:00,522.4999465942383,531.9143600463867,517.7927398681641,527.2071533203125,132040,0.0,0.0
2018-08-03 00:00:00+09:00,531.9143522795257,531.9143522795257,517.7927323075029,522.4999389648438,85960,0.0,0.0
2018-08-06 00:00:00+09:00,517.792724609375,522.499931196733,517.792724609375,517.792724609375,45260,0.0,0.0
2018-08-07 00:00:00+09:00,494.25666880384784,517.7927006516501,494.25666880384784,503.67108154296875,109140,0.0,0.0
2018-08-08 00:00:00+09:00,503.67108154296875,513.0854942820896,489.54946243428736,503.67108154296875,131520,0.0,0.0
2018-08-09 00:00:00+09:00,494.2567138671875,498.9639206659226,489.5495070684524,494.2567138671875,110960,0.0,0.0
2018-08-10 00:00:00+09:00,494.25670623779297,498.9639129638672,489.54949951171875,489.54949951171875,52600,0.0,0.0
2018-08-13 00:00:00+09:00,494.25672194537,494.25672194537,475.4278944426892,480.1351013183594,126720,0.0,0.0
2018-08-14 00:00:00+09:00,480.13510872553854,489.5495226221177,475.42790177724896,484.8423156738281,48540,0.0,0.0
2018-08-15 00:00:00+09:00,489.5495226221177,494.2567295704073,484.8423156738281,484.8423156738281,38780,0.0,0.0
2018-08-16 00:00:00+09:00,480.1350937645034,484.84230056611614,475.4278869628906,475.4278869628906,81760,0.0,0.0
2018-08-17 00:00:00+09:00,480.13510872553854,489.5495226221177,480.13510872553854,484.8423156738281,48540,0.0,0.0
2018-08-20 00:00:00+09:00,484.8423156738281,489.5495226221177,480.13510872553854,484.8423156738281,87980,0.0,0.0
2018-08-21 00:00:00+09:00,480.1351171875,480.1351171875,466.01349609374995,470.720703125,187640,0.0,0.0
2018-08-22 00:00:00+09:00,466.01347335966506,480.1350937645034,461.30626655805224,475.4278869628906,110740,0.0,0.0
2018-08-23 00:00:00+09:00,480.1351013183594,484.84230819402956,475.4278944426892,480.1351013183594,68300,0.0,0.0
2018-08-24 00:00:00+09:00,484.842271157361,517.7927167699971,480.1350646412701,513.0855102539062,245220,0.0,0.0
2018-08-27 00:00:00+09:00,522.499931196733,527.207137784091,508.37831143465905,517.792724609375,170800,0.0,0.0
2018-08-28 00:00:00+09:00,513.0855488327314,517.7927557027565,494.2567213526312,498.96392822265625,198740,0.0,0.0
2018-08-29 00:00:00+09:00,498.96390729631696,513.4968366350446,498.96390729631696,508.65252685546875,97020,15.0,0.0
2018-08-30 00:00:00+09:00,532.874105947989,547.407036110207,508.6525556776259,523.1854858398438,266220,0.0,0.0
2018-08-31 00:00:00+09:00,518.3411464146205,518.3411464146205,503.80821707589286,508.65252685546875,89240,0.0,0.0
2018-09-03 00:00:00+09:00,508.6525374192458,513.4968472994291,498.9639176588792,503.8082275390625,113000,0.0,0.0
2018-09-04 00:00:00+09:00,503.8082275390625,508.6525374192458,498.9639176588792,503.8082275390625,77040,0.0,0.0
2018-09-05 00:00:00+09:00,503.8082275390625,508.6525374192458,498.9639176588792,503.8082275390625,45880,0.0,0.0
2018-09-06 00:00:00+09:00,503.8082490808824,508.65255916819854,494.11962890625,494.11962890625,98680,0.0,0.0
2018-09-07 00:00:00+09:00,489.2752990722656,494.1196089640702,484.43098918046104,489.2752990722656,68820,0.0,0.0
2018-09-10 00:00:00+09:00,489.27530975341796,489.27530975341796,479.58668975830074,484.4309997558594,113700,0.0,0.0
2018-09-11 00:00:00+09:00,489.27530975341796,494.11961975097654,479.58668975830074,484.4309997558594,73280,0.0,0.0
2018-09-12 00:00:00+09:00,484.43101054490216,489.2753206503512,479.5867004394531,479.5867004394531,47960,0.0,0.0
2018-09-13 00:00:00+09:00,479.5867004394531,489.2753206503512,479.5867004394531,479.5867004394531,51200,0.0,0.0
2018-09-14 00:00:00+09:00,474.74237060546875,479.58668050960614,469.8980607013313,474.74237060546875,107260,0.0,0.0
2018-09-17 00:00:00+09:00,474.74237060546875,474.74237060546875,474.74237060546875,474.74237060546875,0,0.0,0.0
2018-09-18 00:00:00+09:00,469.89806197317023,469.89806197317023,450.5208223041735,460.2094421386719,180660,0.0,0.0
2018-09-19 00:00:00+09:00,455.36513353430706,465.0537533967391,440.83220374065894,445.676513671875,210380,0.0,0.0
2018-09-20 00:00:00+09:00,440.8321933541246,450.52081298828125,440.8321933541246,450.52081298828125,96580,0.0,0.0
2018-09-21 00:00:00+09:00,450.5208025993185,455.3651123046875,450.5208025993185,455.3651123046875,32600,0.0,0.0
2018-09-24 00:00:00+09:00,455.3651123046875,455.3651123046875,455.3651123046875,455.3651123046875,0,0.0,0.0
2018-09-25 00:00:00+09:00,455.36513353430706,460.2094434655231,445.676513671875,445.676513671875,50180,0.0,0.0
2018-09-26 00:00:00+09:00,450.52083445119337,455.36514449905565,440.83221435546875,440.83221435546875,90700,0.0,0.0
2018-09-27 00:00:00+09:00,445.6765244033311,445.6765244033311,435.98790430760647,440.83221435546875,106600,0.0,0.0
2018-09-28 00:00:00+09:00,445.6765261563388,445.6765261563388,421.45497582175517,426.2992858886719,129420,0.0,0.0
2018-10-01 00:00:00+09:00,426.2992648654514,435.9878845214844,421.4549550374349,435.9878845214844,175820,0.0,0.0
2018-10-02 00:00:00+09:00,435.98789515120257,445.67651504345156,431.1435852050781,431.1435852050781,40120,0.0,0.0
2018-10-03 00:00:00+09:00,435.9878845214844,440.83219434950087,426.2992648654514,435.9878845214844,69380,0.0,0.0
2018-10-04 00:00:00+09:00,435.98790430760647,445.6765244033311,435.98790430760647,440.83221435546875,78140,0.0,0.0
2018-10-05 00:00:00+09:00,435.98790602250534,440.83221608942205,421.45497582175517,426.2992858886719,175180,0.0,0.0
2018-10-08 00:00:00+09:00,426.2992858886719,426.2992858886719,426.2992858886719,426.2992858886719,0,0.0,0.0
2018-10-09 00:00:00+09:00,426.2992967627514,431.1436069532372,406.9220560008082,421.4549865722656,233920,0.0,0.0
2018-10-10 00:00:00+09:00,426.2992739470109,445.676513671875,416.6106540845788,445.676513671875,232060,0.0,0.0
2018-10-11 00:00:00+09:00,421.4549550374349,440.83219434950087,411.7663353814019,435.9878845214844,152380,0.0,0.0
2018-10-12 00:00:00+09:00,440.83219434950087,440.83219434950087,426.2992648654514,435.9878845214844,86860,0.0,0.0
2018-10-15 00:00:00+09:00,445.676521222616,469.8980712890625,435.98790119603734,469.8980712890625,337880,0.0,0.0
2018-10-16 00:00:00+09:00,484.4310013289304,523.1854814352448,465.0537612757732,469.8980712890625,1201480,0.0,0.0
2018-10-17 00:00:00+09:00,469.8980414207945,469.8980414207945,450.5208025993185,455.3651123046875,194720,0.0,0.0
2018-10-18 00:00:00+09:00,465.0537533967391,465.0537533967391,445.676513671875,445.676513671875,120440,0.0,0.0
2018-10-19 00:00:00+09:00,440.83221435546875,445.6765244033311,435.98790430760647,440.83221435546875,92500,0.0,0.0
2018-10-22 00:00:00+09:00,435.98790430760647,445.6765244033311,435.98790430760647,440.83221435546875,62840,0.0,0.0
2018-10-23 00:00:00+09:00,440.83220509732706,450.520824989576,431.1435852050781,431.1435852050781,95520,0.0,0.0
2018-10-24 00:00:00+09:00,435.98789515120257,440.83220509732706,431.1435852050781,431.1435852050781,80440,0.0,0.0
2018-10-25 00:00:00+09:00,426.2992560891544,426.2992560891544,406.922017176011,411.7663269042969,167840,0.0,0.0
2018-10-26 00:00:00+09:00,411.7663374401274,416.6106472923642,392.38909803118025,406.9220275878906,111140,0.0,0.0
2018-10-29 00:00:00+09:00,406.92203979492183,406.92203979492183,387.5447998046875,387.5447998046875,67260,0.0,0.0
2018-10-30 00:00:00+09:00,377.8561903555182,397.23343088657043,368.16757008999207,382.70050048828125,154020,0.0,0.0
2018-10-31 00:00:00+09:00,382.700469226372,402.0777081745427,382.700469226372,397.2333984375,74520,0.0,0.0
2018-11-01 00:00:00+09:00,392.3890887004573,402.0777081745427,392.3890887004573,397.2333984375,42760,0.0,0.0
2018-11-02 00:00:00+09:00,402.0777282714844,406.9220382506589,397.23341829230986,402.0777282714844,51440,0.0,0.0
2018-11-05 00:00:00+09:00,402.07771773565383,411.7663374401274,402.07771773565383,406.9220275878906,30420,0.0,0.0
2018-11-06 00:00:00+09:00,411.7663374401274,416.6106472923642,402.07771773565383,406.9220275878906,56060,0.0,0.0
2018-11-07 00:00:00+09:00,406.9220275878906,411.7663374401274,406.9220275878906,406.9220275878906,38840,0.0,0.0
2018-11-08 00:00:00+09:00,411.7663269042969,416.6106366325827,411.7663269042969,411.7663269042969,28820,0.0,0.0
2018-11-09 00:00:00+09:00,411.7663467762082,416.61065673828125,411.7663467762082,416.61065673828125,32040,0.0,0.0
2018-11-12 00:00:00+09:00,416.6106366325827,416.6106366325827,402.0777074477252,411.7663269042969,64020,0.0,0.0
2018-11-13 00:00:00+09:00,402.0777282714844,406.9220382506589,392.38910831313535,402.0777282714844,66940,0.0,0.0
2018-11-14 00:00:00+09:00,402.0777081745427,402.0777081745427,392.3890887004573,397.2333984375,32100,0.0,0.0
2018-11-15 00:00:00+09:00,397.23341979980466,397.23341979980466,387.5447998046875,387.5447998046875,33420,0.0,0.0
2018-11-16 00:00:00+09:00,392.38909912109375,397.2334089867863,382.70047938970873,392.38909912109375,70280,0.0,0.0
2018-11-19 00:00:00+09:00,387.5447789634146,397.2333984375,387.5447789634146,397.2333984375,34020,0.0,0.0
2018-11-20 00:00:00+09:00,392.3891098022461,402.07772979736325,387.5447998046875,387.5447998046875,42000,0.0,0.0
2018-11-21 00:00:00+09:00,382.70047938970873,397.2334089867863,377.8561695240162,392.38909912109375,143900,0.0,0.0
2018-11-22 00:00:00+09:00,392.3890887004573,402.0777081745427,392.3890887004573,397.2333984375,32740,0.0,0.0
2018-11-23 00:00:00+09:00,397.2333984375,397.2333984375,397.2333984375,397.2333984375,0,0.0,0.0
2018-11-26 00:00:00+09:00,397.2333984375,406.9220179115854,397.2333984375,397.2333984375,91320,0.0,0.0
2018-11-27 00:00:00+09:00,402.0777410193335,402.0777410193335,382.70050048828125,382.70050048828125,116780,0.0,0.0
2018-11-28 00:00:00+09:00,387.54479833396084,402.0777282714844,387.54479833396084,402.0777282714844,81240,0.0,0.0
2018-11-29 00:00:00+09:00,402.0777074477252,411.7663269042969,392.3890879911535,411.7663269042969,232680,0.0,0.0
2018-11-30 00:00:00+09:00,411.76636619129397,435.98791714372305,406.9220560008082,421.4549865722656,295980,0.0,0.0
2018-12-03 00:00:00+09:00,426.2992967627514,431.1436069532372,411.76636619129397,421.4549865722656,156420,0.0,0.0
2018-12-04 00:00:00+09:00,421.4549463608686,421.4549463608686,406.922017176011,411.7663269042969,85740,0.0,0.0
2018-12-05 00:00:00+09:00,406.922017176011,411.7663269042969,402.0777074477252,411.7663269042969,46880,0.0,0.0
2018-12-06 00:00:00+09:00,411.7663482298334,411.7663482298334,397.23341829230986,402.0777282714844,69200,0.0,0.0
2018-12-07 00:00:00+09:00,402.07771885247877,406.9220287181713,392.38909912109375,392.38909912109375,56520,0.0,0.0
2018-12-10 00:00:00+09:00,392.38909912109375,397.2334089867863,382.70047938970873,392.38909912109375,122740,0.0,0.0
2018-12-11 00:00:00+09:00,392.3891207538074,392.3891207538074,382.70050048828125,382.70050048828125,71440,0.0,0.0
2018-12-12 00:00:00+09:00,387.5447789634146,397.2333984375,382.700469226372,397.2333984375,69780,0.0,0.0
2018-12-13 00:00:00+09:00,397.23343561983654,421.4549865722656,387.54481523886494,421.4549865722656,170400,0.0,0.0
2018-12-14 00:00:00+09:00,421.4549667003543,421.4549667003543,406.9220368141352,416.61065673828125,71760,0.0,0.0
2018-12-17 00:00:00+09:00,406.9220179115854,411.7663276486281,397.2333984375,397.2333984375,109320,0.0,0.0
2018-12-18 00:00:00+09:00,387.5447998046875,397.23341979980466,387.5447998046875,387.5447998046875,148340,0.0,0.0
2018-12-19 00:00:00+09:00,387.5447998046875,397.23341979980466,377.8561798095703,387.5447998046875,187480,0.0,0.0
2018-12-20 00:00:00+09:00,382.70049306508656,382.70049306508656,348.7903227934966,358.47894287109375,220940,0.0,0.0
2018-12-21 00:00:00+09:00,353.63461485905435,358.47892465164415,314.88013651833603,324.5687561035156,302960,0.0,0.0
2018-12-24 00:00:00+09:00,324.5687561035156,324.5687561035156,324.5687561035156,324.5687561035156,0,0.0,0.0
2018-12-25 00:00:00+09:00,290.65857968087926,305.1915086649232,285.81427001953125,285.81427001953125,321680,0.0,0.0
2018-12-26 00:00:00+09:00,295.5029273033142,310.0358581542969,290.6586170196533,310.0358581542969,127660,0.0,0.0
2018-12-27 00:00:00+09:00,329.4130658961054,329.4130658961054,305.1915169331565,324.5687561035156,121780,0.0,0.0
2018-12-28 00:00:00+09:00,319.7244463109258,329.4130658961054,319.7244463109258,324.5687561035156,38780,0.0,0.0
2018-12-31 00:00:00+09:00,324.5687561035156,324.5687561035156,324.5687561035156,324.5687561035156,0,0.0,0.0
2019-01-04 00:00:00+09:00,319.7244454520089,339.1016845703125,310.03582589285713,339.1016845703125,84660,0.0,0.0
2019-01-07 00:00:00+09:00,353.6346328322952,358.47894287109375,348.7903227934966,358.47894287109375,58600,0.0,0.0
2019-01-08 00:00:00+09:00,358.4789322916667,377.85617187500003,353.63462239583333,363.3232421875,123040,0.0,0.0
2019-01-09 00:00:00+09:00,377.85618135526585,377.85618135526585,368.1675613205154,373.0118713378906,63080,0.0,0.0
2019-01-10 00:00:00+09:00,368.1675613205154,373.0118713378906,358.478941285765,373.0118713378906,68060,0.0,0.0
2019-01-11 00:00:00+09:00,368.1675613205154,377.85618135526585,368.1675613205154,373.0118713378906,65760,0.0,0.0
2019-01-15 00:00:00+09:00,373.01188022275517,387.5448106210443,368.16757008999207,382.70050048828125,141720,0.0,0.0
2019-01-16 00:00:00+09:00,343.94601619944854,348.7903262867647,329.4130859375,329.4130859375,348680,0.0,0.0
2019-01-17 00:00:00+09:00,334.25738525390625,339.1016951851223,329.4130753226902,334.25738525390625,77800,0.0,0.0
2019-01-18 00:00:00+09:00,334.25738525390625,339.1016951851223,329.4130753226902,334.25738525390625,94000,0.0,0.0
2019-01-21 00:00:00+09:00,339.10168548128496,339.10168548128496,324.5687561035156,324.5687561035156,61220,0.0,0.0
2019-01-22 00:00:00+09:00,319.7244582403274,324.5687682136657,305.1915283203125,305.1915283203125,155420,0.0,0.0
2019-01-23 00:00:00+09:00,305.1915372408353,319.724467585637,300.34722712590144,314.8801574707031,113400,0.0,0.0
2019-01-24 00:00:00+09:00,319.7244657628676,334.25739602481616,314.88015567555146,329.4130859375,66220,0.0,0.0
2019-01-25 00:00:00+09:00,329.41307668974906,329.41307668974906,314.88014683578956,319.7244567871094,52700,0.0,0.0
2019-01-28 00:00:00+09:00,324.5687667384292,324.5687667384292,319.7244567871094,319.7244567871094,29960,0.0,0.0
2019-01-29 00:00:00+09:00,319.7244463109258,324.5687561035156,314.88013651833603,324.5687561035156,18100,0.0,0.0
2019-01-30 00:00:00+09:00,324.56878900527954,324.56878900527954,310.0358581542969,310.0358581542969,96240,0.0,0.0
2019-01-31 00:00:00+09:00,310.0358473557692,314.8801574707031,310.0358473557692,314.8801574707031,29660,0.0,0.0
2019-02-01 00:00:00+09:00,314.88016843795776,314.88016843795776,310.0358581542969,310.0358581542969,14880,0.0,0.0
2019-02-04 00:00:00+09:00,314.8801574707031,314.8801574707031,310.0358473557692,314.8801574707031,24600,0.0,0.0
2019-02-05 00:00:00+09:00,314.88014683578956,319.7244567871094,310.0358368844697,319.7244567871094,61240,0.0,0.0
2019-02-06 00:00:00+09:00,319.7244567871094,319.7244567871094,314.88014683578956,319.7244567871094,18380,0.0,0.0
2019-02-07 00:00:00+09:00,314.88014683578956,324.5687667384292,310.0358368844697,319.7244567871094,95660,0.0,0.0
2019-02-08 00:00:00+09:00,314.88016843795776,319.72447872161865,310.0358581542969,310.0358581542969,59240,0.0,0.0
2019-02-12 00:00:00+09:00,310.0358581542969,314.88016843795776,310.0358581542969,310.0358581542969,16520,0.0,0.0
2019-02-13 00:00:00+09:00,314.88016843795776,314.88016843795776,310.0358581542969,310.0358581542969,27860,0.0,0.0
2019-02-14 00:00:00+09:00,310.0358581542969,314.88016843795776,310.0358581542969,310.0358581542969,28600,0.0,0.0
2019-02-15 00:00:00+09:00,314.8801574707031,314.8801574707031,305.1915372408353,314.8801574707031,83280,0.0,0.0
2019-02-18 00:00:00+09:00,314.88016843795776,314.88016843795776,310.0358581542969,310.0358581542969,18140,0.0,0.0
2019-02-19 00:00:00+09:00,310.0358473557692,314.8801574707031,310.0358473557692,314.8801574707031,39720,0.0,0.0
2019-02-20 00:00:00+09:00,314.88016843795776,314.88016843795776,310.0358581542969,310.0358581542969,39180,0.0,0.0
2019-02-21 00:00:00+09:00,310.0358368844697,324.5687667384292,310.0358368844697,319.7244567871094,223820,0.0,0.0
2019-02-22 00:00:00+09:00,314.88016843795776,319.72447872161865,305.191547870636,310.0358581542969,157500,0.0,0.0
2019-02-25 00:00:00+09:00,305.1915283203125,310.0358382936508,305.1915283203125,305.1915283203125,22628,0.0,0.0
2019-02-26 00:00:00+09:00,305.19150813933345,307.1292320005355,291.6274411109186,300.3471984863281,58800,0.0,0.2
2019-02-27 00:00:00+09:00,300.3471985857339,301.3160605166556,295.5028889311253,297.44061279296875,45700,0.0,0.0
2019-02-28 00:00:00+09:00,297.44063385009764,297.44063385009764,288.7208758544922,290.6585998535156,116100,0.0,0.0
2019-03-01 00:00:00+09:00,289.6897378540039,290.6585998535156,277.09453186035154,290.6585998535156,94600,0.0,0.0
2019-03-04 00:00:00+09:00,290.65858934746416,299.3783470278881,289.6897273829726,295.5028991699219,89800,0.0,0.0
2019-03-05 00:00:00+09:00,292.5963241628525,295.5029101644702,287.75201416015625,287.75201416015625,82800,0.0,0.0
2019-03-06 00:00:00+09:00,289.6897273829726,298.4094850633965,287.7520034539895,295.5028991699219,90900,0.0,0.0
2019-03-07 00:00:00+09:00,295.5029098510742,295.5029098510742,289.6897378540039,290.6585998535156,46700,0.0,0.0
2019-03-08 00:00:00+09:00,289.6897284146013,289.6897284146013,280.969970703125,280.969970703125,77200,0.0,0.0
2019-03-11 00:00:00+09:00,280.96996056579803,282.90768443176904,278.0633747668415,280.0010986328125,41500,0.0,0.0
2019-03-12 00:00:00+09:00,279.03224697844075,280.0011089471159,277.0945230410905,278.0633850097656,51900,0.0,0.0
2019-03-13 00:00:00+09:00,280.0010987395173,280.0010987395173,276.1256510060984,277.0945129394531,35700,0.0,0.0
2019-03-14 00:00:00+09:00,279.0322471941021,280.96997113295004,274.18793734698227,275.15679931640625,70900,0.0,0.0
2019-03-15 00:00:00+09:00,273.2190860215054,274.1879480286739,270.3125,270.3125,89600,0.0,0.0
2019-03-18 00:00:00+09:00,271.28137163896866,278.06340592994286,270.3125095974009,274.1879577636719,144300,0.0,0.0
2019-03-19 00:00:00+09:00,272.2502341134208,273.219096156529,269.343647984096,271.2813720703125,53600,0.0,0.0
2019-03-20 00:00:00+09:00,274.1879577636719,274.1879577636719,271.28137163896866,274.1879577636719,41300,0.0,0.0
2019-03-22 00:00:00+09:00,275.1567991037402,278.0633850097656,274.18793713506506,278.0633850097656,76900,0.0,0.0
2019-03-25 00:00:00+09:00,278.0633950763279,284.84542910257977,274.1879470613268,279.0322570800781,97300,0.0,0.0
2019-03-26 00:00:00+09:00,279.0322574013158,279.0322574013158,274.1879473769874,276.12567138671875,51600,0.0,0.0
2019-03-27 00:00:00+09:00,280.96996046092414,283.87654625879577,280.00109852830025,282.9076843261719,76700,0.0,0.0
2019-03-28 00:00:00+09:00,283.87655660695043,283.87655660695043,278.06338479929957,280.969970703125,59600,0.0,0.0
2019-03-29 00:00:00+09:00,282.90769442926086,284.8454183637079,280.9699704948139,283.8765563964844,48800,0.0,0.0
2019-04-01 00:00:00+09:00,286.7831515573432,297.44063354089315,286.7831515573432,293.565185546875,133000,0.0,0.0
2019-04-02 00:00:00+09:00,293.56518616339173,296.4717721650095,286.78315215961703,287.75201416015625,35800,0.0,0.0
2019-04-03 00:00:00+09:00,290.65858974903324,291.62745171486335,285.81427991988267,289.6897277832031,35000,0.0,0.0
2019-04-04 00:00:00+09:00,290.6585992551317,298.4094952352686,290.6585992551317,296.4717712402344,89200,0.0,0.0
2019-04-05 00:00:00+09:00,294.534037007914,299.37834682712304,294.534037007914,298.40948486328125,30200,0.0,0.0
2019-04-08 00:00:00+09:00,300.3472385285007,305.1915488273475,299.37837646873135,304.2226867675781,106400,0.0,0.0
2019-04-09 00:00:00+09:00,319.72446876236154,319.72446876236154,304.2226763375198,306.160400390625,160100,0.0,0.0
2019-04-10 00:00:00+09:00,303.2538242279919,309.0669965774103,303.2538242279919,307.1292724609375,39500,0.0,0.0
2019-04-11 00:00:00+09:00,308.0981350066556,308.0981350066556,295.50292822965395,304.2226867675781,67200,0.0,0.0
2019-04-12 00:00:00+09:00,300.3472195364067,300.3472195364067,289.68973755285685,293.565185546875,67200,0.0,0.0
2019-04-15 00:00:00+09:00,281.9388324620374,290.6585901670488,279.0322465603669,283.8765563964844,78400,0.0,0.0
2019-04-16 00:00:00+09:00,285.8142904683846,288.7208764731479,284.8454284667969,284.8454284667969,15600,0.0,0.0
2019-04-17 00:00:00+09:00,286.78313184904573,288.7208557128906,284.84540798520084,288.7208557128906,55000,0.0,0.0
2019-04-18 00:00:00+09:00,290.65860047632333,293.5651864810866,284.8454284667969,284.8454284667969,64700,0.0,0.0
2019-04-19 00:00:00+09:00,285.8142701240435,286.7831320566674,280.96996046092414,282.9076843261719,51400,0.0,0.0
2019-04-22 00:00:00+09:00,282.90768443176904,282.90768443176904,276.1256509008705,280.0010986328125,41100,0.0,0.0
2019-04-23 00:00:00+09:00,280.9699814110472,280.9699814110472,275.15680938185307,276.12567138671875,39700,0.0,0.0
2019-04-24 00:00:00+09:00,275.15679931640625,276.1256612858302,274.18793734698227,275.15679931640625,30800,0.0,0.0
2019-04-25 00:00:00+09:00,276.1256612858302,276.1256612858302,273.2190753775583,275.15679931640625,23000,0.0,0.0
2019-04-26 00:00:00+09:00,275.15679931640625,278.06338522467814,272.25021340813436,275.15679931640625,73400,0.0,0.0
2019-05-07 00:00:00+09:00,276.1256602615816,290.65858974903324,276.1256602615816,289.6897277832031,83400,0.0,0.0
2019-05-08 00:00:00+09:00,287.75201447156013,287.75201447156013,283.8765664652091,284.8454284667969,60900,0.0,0.0
2019-05-09 00:00:00+09:00,284.8454287814111,284.8454287814111,280.9699807707796,281.9388427734375,34900,0.0,0.0
2019-05-10 00:00:00+09:00,281.9388424620336,286.7831524699724,280.0011184588582,284.8454284667969,39900,0.0,0.0
2019-05-13 00:00:00+09:00,291.62744161314885,293.565165477688,285.81427001953125,285.81427001953125,67300,0.0,0.0
2019-05-14 00:00:00+09:00,280.00110852759036,283.8765563964844,276.1256606586964,283.8765563964844,39000,0.0,0.0
2019-05-15 00:00:00+09:00,284.84542815853854,289.68973816123474,283.87656615799926,287.75201416015625,26300,0.0,0.0
2019-05-16 00:00:00+09:00,288.72085551211705,295.50288903085806,285.81426971837095,294.5340270996094,112800,0.0,0.0
2019-05-17 00:00:00+09:00,295.50288903085806,295.50288903085806,291.6274413058632,294.5340270996094,27100,0.0,0.0
2019-05-20 00:00:00+09:00,293.5651652694144,295.5028891325789,290.65857947466776,291.62744140625,38500,0.0,0.0
2019-05-21 00:00:00+09:00,293.56516537250286,293.56516537250286,287.7519937809682,288.7208557128906,40100,0.0,0.0
2019-05-22 00:00:00+09:00,290.65859955136136,295.5029095438841,288.7208755543523,293.565185546875,35500,0.0,0.0
2019-05-23 00:00:00+09:00,293.5651756465236,293.5651756465236,289.6897277832031,289.6897277832031,25500,0.0,0.0
2019-05-24 00:00:00+09:00,290.65857968087926,290.65857968087926,285.81427001953125,285.81427001953125,34500,0.0,0.0
2019-05-27 00:00:00+09:00,285.81427991988267,290.65858974903324,285.81427991988267,289.6897277832031,33200,0.0,0.0
2019-05-28 00:00:00+09:00,290.65858974903324,291.62745171486335,288.720865817373,289.6897277832031,13600,0.0,0.0
2019-05-29 00:00:00+09:00,288.720865817373,294.53403761235364,286.7831418857128,289.6897277832031,53600,0.0,0.0
2019-05-30 00:00:00+09:00,292.59631327644723,298.4094850633965,290.65858934746416,295.5028991699219,76600,0.0,0.0
2019-05-31 00:00:00+09:00,296.4717615440139,297.440623509844,289.6897277832031,289.6897277832031,36200,0.0,0.0
2019-06-03 00:00:00+09:00,289.689717854539,289.689717854539,282.9076843261719,282.9076843261719,53100,0.0,0.0
2019-06-04 00:00:00+09:00,280.9699603581833,286.78313195180084,280.9699603581833,285.81427001953125,35200,0.0,0.0
2019-06-05 00:00:00+09:00,289.68972798940297,291.62745192244245,284.84541815680427,286.78314208984375,58400,0.0,0.0
2019-06-06 00:00:00+09:00,288.720865817373,290.65858974903324,288.720865817373,289.6897277832031,10700,0.0,0.0
2019-06-07 00:00:00+09:00,290.65857968087926,290.65857968087926,285.81427001953125,285.81427001953125,40300,0.0,0.0
2019-06-10 00:00:00+09:00,286.78314208984375,288.72086602288323,285.814280123324,286.78314208984375,26500,0.0,0.0
2019-06-11 00:00:00+09:00,287.75201416015625,289.68973816123474,285.81429015907776,287.75201416015625,20100,0.0,0.0
2019-06-12 00:00:00+09:00,287.7520040563635,288.72086602288323,286.78314208984375,286.78314208984375,36700,0.0,0.0
2019-06-13 00:00:00+09:00,285.8142703396457,286.78313227300043,275.15678907274366,277.0945129394531,144100,0.0,0.0
2019-06-14 00:00:00+09:00,279.0322368061626,280.96996067287205,271.28134133932474,277.0945129394531,130100,0.0,0.0
2019-06-17 00:00:00+09:00,280.0011190838284,280.0011190838284,276.12567106882733,279.0322570800781,28800,0.0,0.0
2019-06-18 00:00:00+09:00,279.0322679715106,280.96999205464607,274.1879577636719,274.1879577636719,39000,0.0,0.0
2019-06-19 00:00:00+09:00,280.00113001307835,280.00113001307835,270.3125095974009,274.1879577636719,109700,0.0,0.0
2019-06-20 00:00:00+09:00,273.21906510191394,280.0010986328125,273.21906510191394,280.0010986328125,42400,0.0,0.0
2019-06-21 00:00:00+09:00,282.9076843261719,285.8142701240435,280.96996046092414,282.9076843261719,74000,0.0,0.0
2019-06-24 00:00:00+09:00,282.9076843261719,286.7831320566674,282.9076843261719,282.9076843261719,60300,0.0,0.0
2019-06-25 00:00:00+09:00,285.81428033093135,285.81428033093135,281.9388324620374,283.8765563964844,64000,0.0,0.0
2019-06-26 00:00:00+09:00,289.68972718870486,309.06696646554127,287.7520032610212,298.40948486328125,435200,0.0,0.0
2019-06-27 00:00:00+09:00,300.3472375869751,311.97358226776123,299.3783755302429,310.0358581542969,192900,0.0,0.0
2019-06-28 00:00:00+09:00,310.0358488917731,311.9735729473467,302.2849526694788,303.2538146972656,138100,0.0,0.0
2019-07-01 00:00:00+09:00,310.03585721817484,315.8490295410156,307.1292710567544,315.8490295410156,154800,0.0,0.0
2019-07-02 00:00:00+09:00,315.84900828770225,327.4753521510533,313.91128431047713,325.5376281738281,181500,0.0,0.0
2019-07-03 00:00:00+09:00,325.53762844876127,328.4442144170538,314.8801465650221,322.63104248046875,131100,0.0,0.0
2019-07-04 00:00:00+09:00,324.5687651360172,339.10169491822694,324.5687651360172,337.1639709472656,224900,0.0,0.0
2019-07-05 00:00:00+09:00,340.0705460147273,347.8214416503906,332.319650379064,347.8214416503906,176400,0.0,0.0
2019-07-08 00:00:00+09:00,350.728017371809,354.6034650775748,341.0393981073944,343.94598388671875,183200,0.0,0.0
2019-07-09 00:00:00+09:00,344.91486656428066,345.8837285490118,336.1951087017005,340.070556640625,156600,0.0,0.0
2019-07-10 00:00:00+09:00,340.07054618235384,345.8837179119667,340.07054618235384,344.91485595703125,74500,0.0,0.0
2019-07-11 00:00:00+09:00,346.8525902699616,347.8214522539559,342.00828034999006,342.9771423339844,97300,0.0,0.0
2019-07-12 00:00:00+09:00,344.9148668311108,345.8837288165915,337.1639709472656,337.1639709472656,130400,0.0,0.0
2019-07-16 00:00:00+09:00,329.413065182029,340.07054670262403,323.5998934435226,336.1950988769531,129600,0.0,0.0
2019-07-17 00:00:00+09:00,336.1950988769531,339.10168474620633,333.2885130076999,336.1950988769531,53000,0.0,0.0
2019-07-18 00:00:00+09:00,336.19512005974264,336.19512005974264,327.4753619025735,329.4130859375,85800,0.0,0.0
2019-07-19 00:00:00+09:00,331.3507985260527,343.9460043179787,331.3507985260527,342.9771423339844,62600,0.0,0.0
2019-07-22 00:00:00+09:00,343.9459936658322,352.66575125172653,342.9771317118439,350.72802734375,76500,0.0,0.0
2019-07-23 00:00:00+09:00,353.6346318790969,367.1986999511719,351.6969078688005,367.1986999511719,132100,0.0,0.0
2019-07-24 00:00:00+09:00,371.07415654707927,379.7939147949219,371.07415654707927,379.7939147949219,143500,0.0,0.0
2019-07-25 00:00:00+09:00,380.76276736569093,382.700491372641,372.0430093344156,373.0118713378906,172900,0.0,0.0
2019-07-26 00:00:00+09:00,380.76275634765625,394.32682400380685,378.8250323967776,380.76275634765625,259700,0.0,0.0
2019-07-29 00:00:00+09:00,381.73162811048684,387.5448001121694,379.793904109926,384.6382141113281,83600,0.0,0.0
2019-07-30 00:00:00+09:00,382.7004800661646,383.6693420410156,373.01186031765405,383.6693420410156,126200,0.0,0.0
2019-07-31 00:00:00+09:00,383.66935035062124,402.0777282714844,381.7316263589514,402.0777282714844,206800,0.0,0.0
2019-08-01 00:00:00+09:00,398.20227095992476,398.20227095992476,389.4825132016782,392.38909912109375,157100,0.0,0.0
2019-08-02 00:00:00+09:00,392.38908899892675,395.29567484336326,385.6070553619083,391.42022705078125,142700,0.0,0.0
2019-08-05 00:00:00+09:00,392.3891207538074,392.3891207538074,371.07415616964994,382.70050048828125,164800,0.0,0.0
2019-08-06 00:00:00+09:00,369.13642181396483,390.45138580322265,365.26097381591796,387.5447998046875,116500,0.0,0.0
2019-08-07 00:00:00+09:00,387.54478994041983,390.45137586497293,380.76275611646247,383.6693420410156,81600,0.0,0.0
2019-08-08 00:00:00+09:00,387.54479950178353,390.4513854980469,379.7939035117478,390.4513854980469,59800,0.0,0.0
2019-08-09 00:00:00+09:00,390.45137517481675,394.32682306737075,389.4825132016782,392.38909912109375,69900,0.0,0.0
2019-08-13 00:00:00+09:00,384.63821380615235,391.42024780273437,384.63821380615235,387.5447998046875,60300,0.0,0.0
2019-08-14 00:00:00+09:00,390.4513756314615,390.4513756314615,381.73161786301694,386.575927734375,58500,0.0,0.0
2019-08-15 00:00:00+09:00,380.762776435176,385.60708656793906,377.8561903555182,382.70050048828125,76400,0.0,0.0
2019-08-16 00:00:00+09:00,383.6693442740092,384.6382062544991,356.54120882029133,357.51007080078125,268900,0.0,0.0
2019-08-19 00:00:00+09:00,350.72806639312415,369.1364455684539,350.72806639312415,360.41668701171875,120500,0.0,0.0
2019-08-20 00:00:00+09:00,364.29212511581875,365.2609871507012,357.5100908716413,359.44781494140625,47400,0.0,0.0
2019-08-21 00:00:00+09:00,359.44778510388556,359.44778510388556,339.1016840602694,347.8214416503906,152200,0.0,0.0
2019-08-22 00:00:00+09:00,347.8214554355895,349.7591794213031,305.1915277498905,311.00469970703125,289100,0.0,0.0
2019-08-23 00:00:00+09:00,311.9735696231618,337.1639820772059,300.3472254136029,329.4130859375,253300,0.0,0.0
2019-08-26 00:00:00+09:00,334.2573749641177,338.1328227897886,324.5687553999403,336.1950988769531,102100,0.0,0.0
2019-08-27 00:00:00+09:00,338.1328226143973,344.91485630580354,336.19509870256695,339.1016845703125,115000,0.0,0.0
2019-08-28 00:00:00+09:00,339.1016845703125,342.9771323939732,321.66216936383927,339.1016845703125,171000,0.0,0.0
2019-08-29 00:00:00+09:00,327.2033881515753,327.2033881515753,293.49152391777665,302.4152526855469,324900,8.0,0.0
2019-08-30 00:00:00+09:00,301.4237298346185,306.3813569700563,298.4491535533558,305.38983154296875,62400,0.0,0.0
2019-09-02 00:00:00+09:00,300.4321871948242,303.4067633056641,297.4576110839844,297.4576110839844,58300,0.0,0.0
2019-09-03 00:00:00+09:00,297.45763227393064,302.4152594784961,293.4915305102782,298.44915771484375,68400,0.0,0.0
2019-09-04 00:00:00+09:00,302.415247378142,302.415247378142,295.4745695694633,296.4660949707031,52700,0.0,0.0
2019-09-05 00:00:00+09:00,295.4745813921044,301.4237340375831,295.4745813921044,298.44915771484375,41200,0.0,0.0
2019-09-06 00:00:00+09:00,296.46608842402793,302.4152407000954,296.46608842402793,300.43218994140625,47600,0.0,0.0
2019-09-09 00:00:00+09:00,300.4321992381519,300.4321992381519,297.4576230080712,299.440673828125,22300,0.0,0.0
2019-09-10 00:00:00+09:00,298.4491484180981,301.4237246481788,293.49152136796357,299.440673828125,85600,0.0,0.0
2019-09-11 00:00:00+09:00,300.43218994140625,303.40676607944,296.46608842402793,300.43218994140625,42000,0.0,0.0
2019-09-12 00:00:00+09:00,302.41525123232884,314.3135561988467,301.4237258184524,312.33050537109375,126300,0.0,0.0
2019-09-13 00:00:00+09:00,313.3220375772458,314.31356301261684,307.3728849650196,308.3644104003906,63800,0.0,0.0
2019-09-17 00:00:00+09:00,308.3643984501416,311.33897464097896,304.3982968623584,306.38134765625,69500,0.0,0.0
2019-09-18 00:00:00+09:00,306.38136381851996,307.37288926777086,301.4237365722656,301.4237365722656,40400,0.0,0.0
2019-09-19 00:00:00+09:00,301.42373905741044,308.3644172593903,299.44068814255905,304.3983154296875,39300,0.0,0.0
2019-09-20 00:00:00+09:00,300.43220440753095,307.3728823971439,300.43220440753095,305.38983154296875,38700,0.0,0.0
2019-09-24 00:00:00+09:00,306.3813569700563,308.3644078242314,305.38983154296875,305.38983154296875,31800,0.0,0.0
2019-09-25 00:00:00+09:00,304.3983154296875,306.3813663445389,299.44068814255905,304.3983154296875,41600,0.0,0.0
2019-09-26 00:00:00+09:00,306.3813543601114,306.3813543601114,302.4152526855469,302.4152526855469,33900,0.0,0.0
2019-09-27 00:00:00+09:00,303.40676607944,303.40676607944,300.43218994140625,300.43218994140625,21100,0.0,0.0
2019-09-30 00:00:00+09:00,299.44067117442256,302.415247378142,296.4660949707031,296.4660949707031,37500,0.0,0.0
2019-10-01 00:00:00+09:00,297.4576138033725,300.43218994140625,297.4576138033725,300.43218994140625,8500,0.0,0.0
2019-10-02 00:00:00+09:00,299.440673828125,303.40677546823264,298.4491484180981,299.440673828125,20900,0.0,0.0
2019-10-03 00:00:00+09:00,298.4491336706913,299.4406590317235,294.4830322265625,294.4830322265625,46600,0.0,0.0
2019-10-04 00:00:00+09:00,295.4745813921044,299.44068315575686,294.4830559511913,298.44915771484375,14400,0.0,0.0
2019-10-07 00:00:00+09:00,295.47456034342446,298.4491364542643,294.4830349731445,297.4576110839844,28600,0.0,0.0
2019-10-08 00:00:00+09:00,287.54237288135596,294.48305084745766,283.5762711864407,292.5,105600,0.0,0.0
2019-10-09 00:00:00+09:00,288.53389830508473,292.5,288.53389830508473,292.5,28500,0.0,0.0
2019-10-10 00:00:00+09:00,287.54237288135596,293.49152542372883,287.54237288135596,292.5,23900,0.0,0.0
2019-10-11 00:00:00+09:00,294.4830387883626,294.4830387883626,287.54236110648196,290.5169372558594,42600,0.0,0.0
2019-10-15 00:00:00+09:00,289.52543297592473,293.49153479751277,288.53390752052775,291.50848388671875,37900,0.0,0.0
2019-10-16 00:00:00+09:00,288.5338891519082,299.44066846692886,284.56778758280984,293.49151611328125,108100,0.0,0.0
2019-10-17 00:00:00+09:00,291.50848136980505,294.4830577103133,288.5339050292969,288.5339050292969,44600,0.0,0.0
2019-10-18 00:00:00+09:00,288.5339050292969,290.51695592296903,287.5423795824608,288.5339050292969,30000,0.0,0.0
2019-10-21 00:00:00+09:00,285.55931948309075,289.5254211425781,284.5677940682189,289.5254211425781,47500,0.0,0.0
2019-10-23 00:00:00+09:00,287.5423703128344,291.5084719723218,286.5508448979626,289.5254211425781,26700,0.0,0.0
2019-10-24 00:00:00+09:00,287.5423703128344,292.4999973871937,287.5423703128344,289.5254211425781,17100,0.0,0.0
2019-10-25 00:00:00+09:00,289.52541850264925,291.5084693143112,286.55084228515625,286.55084228515625,28000,0.0,0.0
2019-10-28 00:00:00+09:00,285.55930873325894,286.550834110805,274.6525295802525,277.6271057128906,157400,0.0,0.0
2019-10-29 00:00:00+09:00,277.6271010890152,280.60167717211175,260.7711699514678,261.7626953125,223300,0.0,0.0
2019-10-30 00:00:00+09:00,253.83050130208332,253.83050130208332,230.033891805013,237.96609497070312,421900,0.0,0.0
2019-10-31 00:00:00+09:00,237.96610429197176,243.91525689927104,236.97457885742188,236.97457885742188,108600,0.0,0.0
2019-11-01 00:00:00+09:00,237.96609562001328,241.93219721368018,233.0084686279297,233.0084686279297,58400,0.0,0.0
2019-11-05 00:00:00+09:00,240.9406779661017,240.9406779661017,233.0084745762712,234.0,65700,0.0,0.0
2019-11-06 00:00:00+09:00,234.99152542372883,237.96610169491527,234.0,234.0,18900,0.0,0.0
2019-11-07 00:00:00+09:00,236.97457885742188,239.9491551610715,234.9915279883221,236.97457885742188,75100,0.0,0.0
2019-11-08 00:00:00+09:00,237.96609375,249.8643984375,237.96609375,247.88134765625,110100,0.0,0.0
2019-11-11 00:00:00+09:00,249.86441126526125,254.82203847290532,244.9067840576172,244.9067840576172,71500,0.0,0.0
2019-11-12 00:00:00+09:00,243.9152467065928,247.88134827905773,242.92372131347656,242.92372131347656,28200,0.0,0.0
2019-11-13 00:00:00+09:00,242.9237246415252,244.90677545492542,239.9491484214249,240.940673828125,27300,0.0,0.0
2019-11-14 00:00:00+09:00,238.95762036641437,241.93219655354815,233.0084679921468,237.96609497070312,83500,0.0,0.0
2019-11-15 00:00:00+09:00,235.98305008124515,240.9406771837923,234.9915246607357,238.95762634277344,22900,0.0,0.0
2019-11-18 00:00:00+09:00,237.96609497070312,237.96609497070312,233.99999338785807,237.96609497070312,50000,0.0,0.0
2019-11-19 00:00:00+09:00,237.96610429197176,237.96610429197176,234.00000255377222,236.97457885742188,68400,0.0,0.0
2019-11-20 00:00:00+09:00,237.96610169491527,237.96610169491527,232.01694915254237,234.0,56600,0.0,0.0
2019-11-21 00:00:00+09:00,234.00000079266437,234.00000079266437,227.05932280305143,229.04237365722656,79200,0.0,0.0
2019-11-22 00:00:00+09:00,230.03389572994902,233.0084719678363,229.04237031731995,231.02542114257812,19400,0.0,0.0
2019-11-25 00:00:00+09:00,231.02542707655164,234.99152882893878,231.02542707655164,232.01695251464844,43000,0.0,0.0
2019-11-26 00:00:00+09:00,232.01695251464844,234.99152882893878,231.02542707655164,232.01695251464844,30200,0.0,0.0
2019-11-27 00:00:00+09:00,231.02542707655164,234.000003390842,231.02542707655164,232.01695251464844,25500,0.0,0.0
2019-11-28 00:00:00+09:00,234.000003390842,234.000003390842,232.01695251464844,232.01695251464844,18300,0.0,0.0
2019-11-29 00:00:00+09:00,232.01694322951295,233.9999940263464,231.02541783109623,233.0084686279297,13900,0.0,0.0
2019-12-02 00:00:00+09:00,233.0084686279297,234.9915194247631,232.01694322951295,233.0084686279297,35300,0.0,0.0
2019-12-03 00:00:00+09:00,232.01695251464844,233.0084779527452,231.02542707655164,232.01695251464844,22000,0.0,0.0
2019-12-04 00:00:00+09:00,231.02542114257812,232.01694655520723,230.03389572994902,231.02542114257812,25600,0.0,0.0
2019-12-05 00:00:00+09:00,231.02541515744966,233.00846593133335,230.0338897705078,230.0338897705078,27700,0.0,0.0
2019-12-06 00:00:00+09:00,237.96609434789542,270.68643232073106,234.99151816854672,242.92372131347656,1006400,0.0,0.0
2019-12-09 00:00:00+09:00,243.91525344532062,243.91525344532062,237.96610092226402,238.95762634277344,130600,0.0,0.0
2019-12-10 00:00:00+09:00,237.96609562001328,237.96609562001328,233.0084686279297,233.0084686279297,50900,0.0,0.0
2019-12-11 00:00:00+09:00,234.99152542372883,236.97457627118644,230.03389830508476,234.0,71200,0.0,0.0
2019-12-12 00:00:00+09:00,233.0084745762712,234.99152542372883,231.02542372881356,234.0,33900,0.0,0.0
2019-12-13 00:00:00+09:00,232.01694915254237,234.0,232.01694915254237,234.0,70800,0.0,0.0
2019-12-16 00:00:00+09:00,234.000003390842,234.99152882893878,232.01695251464844,232.01695251464844,30800,0.0,0.0
2019-12-17 00:00:00+09:00,232.01694655520723,233.9999973804654,230.03389572994902,231.02542114257812,106700,0.0,0.0
2019-12-18 00:00:00+09:00,231.02542451140167,232.01694993848923,228.050848230139,229.04237365722656,88700,0.0,0.0
2019-12-19 00:00:00+09:00,228.05084296332467,228.05084296332467,223.0932159423828,223.0932159423828,165300,0.0,0.0
2019-12-20 00:00:00+09:00,223.0932192952109,223.0932192952109,221.11016845703125,221.11016845703125,51200,0.0,0.0
2019-12-23 00:00:00+09:00,218.1355847810444,218.1355847810444,207.2288055419922,207.2288055419922,154600,0.0,0.0
2019-12-24 00:00:00+09:00,209.21186232793897,213.17796398344493,207.228811500186,208.2203369140625,163900,0.0,0.0
2019-12-25 00:00:00+09:00,213.17796510431265,228.05084639066004,211.194914266133,221.11016845703125,268600,0.0,0.0
2019-12-26 00:00:00+09:00,227.0593175591363,229.04236836751303,223.0932159423828,223.0932159423828,140400,0.0,0.0
2019-12-27 00:00:00+09:00,227.05932444576763,227.05932444576763,218.13559553741868,219.1271209716797,80600,0.0,0.0
2019-12-30 00:00:00+09:00,219.1271209716797,222.10169727446265,218.13559553741868,219.1271209716797,39800,0.0,0.0
2020-01-06 00:00:00+09:00,218.1355963812934,219.1271218193902,214.16949462890625,214.16949462890625,69400,0.0,0.0
2020-01-07 00:00:00+09:00,216.1525446688967,219.1271209716797,214.1694938003747,219.1271209716797,33800,0.0,0.0
2020-01-08 00:00:00+09:00,220.11864380442768,220.11864380442768,215.16101669171533,216.1525421142578,42300,0.0,0.0
2020-01-09 00:00:00+09:00,216.15254386969374,224.08474731445312,215.1610184390988,224.08474731445312,66700,0.0,0.0
2020-01-10 00:00:00+09:00,224.08474471430074,225.07627013339055,220.11864303794144,221.11016845703125,42700,0.0,0.0
2020-01-14 00:00:00+09:00,220.11864303794144,223.0932192952109,216.15254136158214,221.11016845703125,45400,0.0,0.0
2020-01-15 00:00:00+09:00,222.10169566761363,231.02542451140167,222.10169566761363,229.04237365722656,179700,0.0,0.0
2020-01-16 00:00:00+09:00,225.07627045564138,243.91525344532062,225.07627045564138,238.95762634277344,229000,0.0,0.0
2020-01-17 00:00:00+09:00,238.95762711864407,241.9322033898305,233.0084745762712,234.0,148300,0.0,0.0
2020-01-20 00:00:00+09:00,231.02542707655164,234.99152882893878,230.03390163845486,232.01695251464844,45300,0.0,0.0
2020-01-21 00:00:00+09:00,230.03390163845486,232.01695251464844,229.04237620035806,232.01695251464844,38400,0.0,0.0
2020-01-22 00:00:00+09:00,229.04237365722656,233.0084753655768,228.050848230139,229.04237365722656,73300,0.0,0.0
2020-01-23 00:00:00+09:00,227.05931420683336,228.05083959638284,225.07626342773438,225.07626342773438,49700,0.0,0.0
2020-01-24 00:00:00+09:00,225.07626675075957,228.05084296332467,222.10169053819445,223.0932159423828,56600,0.0,0.0
2020-01-27 00:00:00+09:00,220.11864640594067,222.10169727446265,218.13559553741868,219.1271209716797,30700,0.0,0.0
2020-01-28 00:00:00+09:00,216.1525323050363,223.09320994785855,216.1525323050363,222.1016845703125,55200,0.0,0.0
2020-01-29 00:00:00+09:00,251.8474621483189,280.6016999526545,239.94915684997312,244.9067840576172,2555300,0.0,0.0
2020-01-30 00:00:00+09:00,242.9237204396252,242.9237204396252,222.1016872590859,225.07626342773438,431700,0.0,0.0
2020-01-31 00:00:00+09:00,225.076262268839,239.94914303550237,221.1101607310621,234.99151611328125,185500,0.0,0.0
2020-02-03 00:00:00+09:00,224.08474257012375,236.9745728949539,224.08474257012375,235.98304748535156,122000,0.0,0.0
2020-02-04 00:00:00+09:00,235.98304092785543,247.88134551245318,235.98304092785543,239.9491424560547,121800,0.0,0.0
2020-02-05 00:00:00+09:00,239.9491451341279,242.92372131347656,236.9745689547792,242.92372131347656,43100,0.0,0.0
2020-02-06 00:00:00+09:00,242.92373063134366,243.915256062492,238.9576289067503,241.9322052001953,56500,0.0,0.0
2020-02-07 00:00:00+09:00,241.9321992348251,242.9237246415252,235.9830467946245,240.940673828125,61100,0.0,0.0
2020-02-10 00:00:00+09:00,237.96609497070312,241.93219655354815,236.97456957499185,237.96609497070312,49800,0.0,0.0
2020-02-12 00:00:00+09:00,236.97457726413464,247.88135697085215,236.97457726413464,246.88983154296875,62900,0.0,0.0
2020-02-13 00:00:00+09:00,247.88134765625,252.83897460937501,243.91524609375,247.88134765625,64900,0.0,0.0
2020-02-14 00:00:00+09:00,246.8898201304034,247.88134551245318,238.95761707400487,239.9491424560547,84300,0.0,0.0
2020-02-17 00:00:00+09:00,233.0084719678363,233.9999973804654,229.04237031731995,231.02542114257812,53400,0.0,0.0
2020-02-18 00:00:00+09:00,223.09321855243886,229.04237104717055,221.1101677208616,226.0677947998047,69400,0.0,0.0
2020-02-19 00:00:00+09:00,223.0932210947012,231.02542451140167,223.0932210947012,229.04237365722656,34200,0.0,0.0
2020-02-20 00:00:00+09:00,226.0677947998047,232.0169472945364,224.08474396822746,226.0677947998047,27300,0.0,0.0
2020-02-21 00:00:00+09:00,226.0678007300764,230.03390249727076,225.07627528827786,227.059326171875,72100,0.0,0.0
2020-02-25 00:00:00+09:00,213.17795726740474,217.1440587979611,202.27117805837472,212.18643188476562,81500,0.0,0.0
2020-02-26 00:00:00+09:00,204.2542288236529,212.18643188476562,204.2542288236529,212.18643188476562,64800,0.0,0.0
2020-02-27 00:00:00+09:00,209.2118683651939,209.2118683651939,189.38135951541247,191.36441040039062,173800,0.0,0.0
2020-02-28 00:00:00+09:00,179.46610708525688,181.44915799227627,158.64407256155303,163.60169982910156,489800,0.0,0.0
2020-03-02 00:00:00+09:00,159.63558672833187,184.42372131347656,159.63558672833187,184.42372131347656,150700,0.0,0.0
2020-03-03 00:00:00+09:00,184.42372318736292,188.38982476128473,168.5593168916758,169.55084228515625,114300,0.0,0.0
2020-03-04 00:00:00+09:00,168.55931884083668,177.48304748535156,166.57626803094448,177.48304748535156,67300,0.0,0.0
2020-03-05 00:00:00+09:00,177.48304748535156,179.46609829524377,174.50847127051327,177.48304748535156,34700,0.0,0.0
2020-03-06 00:00:00+09:00,172.52541912032896,172.52541912032896,162.61016514789628,164.5932159423828,68800,0.0,0.0
2020-03-09 00:00:00+09:00,158.64406720966312,159.6355926297235,135.83898254827403,139.80508422851562,305900,0.0,0.0
2020-03-10 00:00:00+09:00,119.97458010303731,148.72881830955038,118.9830546476403,145.75424194335938,187100,0.0,0.0
2020-03-11 00:00:00+09:00,147.73728841893814,147.73728841893814,133.85593246011175,134.8474578857422,94700,0.0,0.0
2020-03-12 00:00:00+09:00,136.83051129896864,137.82203674316406,124.93220596862353,137.82203674316406,149900,0.0,0.0
2020-03-13 00:00:00+09:00,116.00847544435595,123.94067889354268,115.0169500132076,120.96610260009766,150300,0.0,0.0
2020-03-16 00:00:00+09:00,122.94915432400174,126.91525607638889,115.01695081922743,116.00847625732422,104200,0.0,0.0
2020-03-17 00:00:00+09:00,113.03389604630009,122.94915008544922,109.06779443064043,122.94915008544922,133300,0.0,0.0
2020-03-18 00:00:00+09:00,127.90677710502378,128.89830250893868,121.95762468153431,122.94915008544922,77200,0.0,0.0
2020-03-19 00:00:00+09:00,123.94067976209853,124.93220520019531,115.01695081922743,116.00847625732422,70200,0.0,0.0
2020-03-23 00:00:00+09:00,116.99999766195974,123.94067548936414,114.025421450215,122.94915008544922,52400,0.0,0.0
2020-03-24 00:00:00+09:00,120.96610344780815,132.8644087049696,120.96610344780815,124.93220520019531,112100,0.0,0.0
2020-03-25 00:00:00+09:00,131.8728818026456,152.69491577148438,130.88135637555803,152.69491577148438,174300,0.0,0.0
2020-03-26 00:00:00+09:00,147.73728758899878,147.73728758899878,138.8135588084552,139.80508422851562,125300,0.0,0.0
2020-03-27 00:00:00+09:00,144.7627079036686,144.7627079036686,135.83897933426437,141.7881317138672,67700,0.0,0.0
2020-03-30 00:00:00+09:00,135.83897399902344,137.82202471433766,130.8813472107379,135.83897399902344,44200,0.0,0.0
2020-03-31 00:00:00+09:00,135.83897727683737,138.81355342158565,129.88982498734086,133.85592651367188,64600,0.0,0.0
2020-04-01 00:00:00+09:00,133.85592710054837,133.85592710054837,126.91524939903846,128.89830017089844,41500,0.0,0.0
2020-04-02 00:00:00+09:00,126.91525102955427,128.89830182689104,123.9406748335491,127.90677642822266,47200,0.0,0.0
2020-04-03 00:00:00+09:00,130.88135433197021,133.85593056678772,121.9576256275177,126.91525268554688,55000,0.0,0.0
2020-04-06 00:00:00+09:00,123.94067324124849,129.8898255568284,121.95762246938853,128.89830017089844,54000,0.0,0.0
2020-04-07 00:00:00+09:00,131.87287802289623,134.84745421890142,126.91525102955427,127.90677642822266,41300,0.0,0.0
2020-04-08 00:00:00+09:00,127.90677422417535,134.84745189525464,126.91524884259259,133.85592651367188,45100,0.0,0.0
2020-04-09 00:00:00+09:00,133.85593170815326,139.80508422851562,132.86440628809285,139.80508422851562,62500,0.0,0.0
2020-04-10 00:00:00+09:00,140.79660078730896,140.79660078730896,134.84744864136633,135.83897399902344,61800,0.0,0.0
2020-04-13 00:00:00+09:00,136.83050537109375,138.81355617357337,135.83897996985394,136.83050537109375,42800,0.0,0.0
2020-04-14 00:00:00+09:00,138.81356375558036,147.73729285415337,136.83051284478634,145.75424194335938,63800,0.0,0.0
2020-04-15 00:00:00+09:00,151.70338165283204,157.65253387451173,148.7288055419922,148.7288055419922,121200,0.0,0.0
2020-04-16 00:00:00+09:00,153.6864455865354,153.6864455865354,137.82203830018335,145.75424194335938,162500,0.0,0.0
2020-04-17 00:00:00+09:00,144.76270727209143,150.711859625739,143.77118187981682,146.74575805664062,91400,0.0,0.0
2020-04-20 00:00:00+09:00,146.74576648912932,151.70339373538368,146.74576648912932,150.7118682861328,33900,0.0,0.0
2020-04-21 00:00:00+09:00,150.71185628255208,150.71185628255208,145.75422943115234,148.7288055419922,40500,0.0,0.0
2020-04-22 00:00:00+09:00,146.74576140103275,146.74576140103275,143.7711851564172,144.76271057128906,31400,0.0,0.0
2020-04-23 00:00:00+09:00,144.7627040608724,148.7288055419922,143.77117869059245,148.7288055419922,26200,0.0,0.0
2020-04-24 00:00:00+09:00,148.72881738763107,150.7118682861328,145.75424103987842,150.7118682861328,23000,0.0,0.0
2020-04-27 00:00:00+09:00,149.72033622937326,161.61864109528372,149.72033622937326,154.67796325683594,79300,0.0,0.0
2020-04-28 00:00:00+09:00,154.6779619699501,164.5932159423828,154.6779619699501,164.5932159423828,63700,0.0,0.0
2020-04-30 00:00:00+09:00,165.58474731445312,168.55932361351515,162.6101710153911,165.58474731445312,104200,0.0,0.0
2020-05-01 00:00:00+09:00,162.6101734834559,168.559326171875,159.63559713924633,168.559326171875,75400,0.0,0.0
2020-05-07 00:00:00+09:00,168.5593220338983,177.48305084745763,168.5593220338983,175.5,109700,0.0,0.0
2020-05-08 00:00:00+09:00,176.49151824623027,201.27965283137496,176.49151824623027,184.42372131347656,268900,0.0,0.0
2020-05-11 00:00:00+09:00,186.40677477316882,192.35592715954655,184.42372397770956,187.39830017089844,99200,0.0,0.0
2020-05-12 00:00:00+09:00,185.41524509410954,199.29660034179688,185.41524509410954,199.29660034179688,110900,0.0,0.0
2020-05-13 00:00:00+09:00,198.30508761935764,218.1355963812934,198.30508761935764,214.16949462890625,315500,0.0,0.0
2020-05-14 00:00:00+09:00,212.18643856956845,222.10169270833333,201.27965901692707,208.2203369140625,257100,0.0,0.0
2020-05-15 00:00:00+09:00,208.2203384399414,210.20338928222657,195.3305079650879,198.30508422851562,165200,0.0,0.0
2020-05-18 00:00:00+09:00,197.3135555002949,203.26270792743946,193.34745388219852,200.2881317138672,49300,0.0,0.0
2020-05-19 00:00:00+09:00,203.26270984468005,211.19491315569195,198.30508277529762,208.2203369140625,110000,0.0,0.0
2020-05-20 00:00:00+09:00,206.23728608630952,212.18643856956845,204.25423525855655,208.2203369140625,70800,0.0,0.0
2020-05-21 00:00:00+09:00,208.22033620435138,214.16948866733284,206.23728538335757,213.17796325683594,76400,0.0,0.0
2020-05-22 00:00:00+09:00,213.17796836611373,231.0254261828116,213.17796836611373,219.1271209716797,252700,0.0,0.0
2020-05-25 00:00:00+09:00,221.1101644764776,233.0084692913553,221.1101644764776,228.05084228515625,130400,0.0,0.0
2020-05-26 00:00:00+09:00,234.9915173232293,242.9237204396252,225.07626342773438,225.07626342773438,293500,0.0,0.0
2020-05-27 00:00:00+09:00,226.06778822274043,235.98304209215888,226.06778822274043,230.0338897705078,108500,0.0,0.0
2020-05-28 00:00:00+09:00,233.99999193367978,235.98304271277877,220.11863647998692,225.07626342773438,121300,0.0,0.0
2020-05-29 00:00:00+09:00,223.0932192952109,223.0932192952109,217.14406678067195,221.11016845703125,68200,0.0,0.0
2020-06-01 00:00:00+09:00,220.11864640594067,225.07627357724564,219.1271209716797,219.1271209716797,42500,0.0,0.0
2020-06-02 00:00:00+09:00,221.11017184020167,222.10169727446265,218.13559553741868,219.1271209716797,37300,0.0,0.0
2020-06-03 00:00:00+09:00,219.1271089876079,221.11015974767676,211.1949059473325,217.14405822753906,110500,0.0,0.0
2020-06-04 00:00:00+09:00,217.14406930028866,225.07627274504807,215.1610184390988,224.08474731445312,78900,0.0,0.0
2020-06-05 00:00:00+09:00,225.076262268839,234.99151611328125,224.08473688439477,234.99151611328125,114400,0.0,0.0
2020-06-08 00:00:00+09:00,242.923720703125,260.771177734375,237.96609375,247.88134765625,529300,0.0,0.0
2020-06-09 00:00:00+09:00,249.86441040039062,252.83898671468097,243.91525777180988,249.86441040039062,150700,0.0,0.0
2020-06-10 00:00:00+09:00,247.88134765625,249.8643984375,245.898296875,247.88134765625,73400,0.0,0.0
2020-06-11 00:00:00+09:00,247.88134551245318,249.8643962765528,235.98304092785543,239.9491424560547,116600,0.0,0.0
2020-06-12 00:00:00+09:00,228.05084745762713,234.0,219.1271186440678,234.0,190100,0.0,0.0
2020-06-15 00:00:00+09:00,234.00000079266437,235.9830516468395,224.08474652178876,229.04237365722656,79900,0.0,0.0
2020-06-16 00:00:00+09:00,231.02541720072426,241.93219655354815,231.02541720072426,237.96609497070312,71600,0.0,0.0
2020-06-17 00:00:00+09:00,237.96610018102135,243.91525268554688,235.98304934617948,243.91525268554688,27100,0.0,0.0
2020-06-18 00:00:00+09:00,244.90677886583003,245.89830428633948,237.96610092226402,238.95762634277344,30500,0.0,0.0
2020-06-19 00:00:00+09:00,242.92373063134366,242.92373063134366,238.9576289067503,241.9322052001953,34900,0.0,0.0
2020-06-22 00:00:00+09:00,241.93219855523878,246.88982557481336,241.93219855523878,245.89830017089844,37900,0.0,0.0
2020-06-23 00:00:00+09:00,247.88134827905773,247.88134827905773,240.9406705272441,242.92372131347656,26700,0.0,0.0
2020-06-24 00:00:00+09:00,242.9237246415252,242.9237246415252,238.95762301472482,240.940673828125,28900,0.0,0.0
2020-06-25 00:00:00+09:00,242.92372881355934,242.92372881355934,233.0084745762712,234.0,54700,0.0,0.0
2020-06-26 00:00:00+09:00,234.9915194247631,236.97457022159657,231.02541783109623,233.0084686279297,32600,0.0,0.0
2020-06-29 00:00:00+09:00,233.0084699842665,233.0084699842665,219.12711432562935,223.0932159423828,81000,0.0,0.0
2020-06-30 00:00:00+09:00,223.09320994785855,225.07626070295063,216.1525323050363,222.1016845703125,72400,0.0,0.0
2020-07-01 00:00:00+09:00,222.1016912286932,222.1016912286932,215.16101337779654,218.13558959960938,49100,0.0,0.0
2020-07-02 00:00:00+09:00,217.14406563895088,217.14406563895088,198.30508277529762,208.2203369140625,70900,0.0,0.0
2020-07-03 00:00:00+09:00,200.28813041830963,214.16948599185585,200.28813041830963,210.20338439941406,56500,0.0,0.0
2020-07-06 00:00:00+09:00,211.1949054173061,222.1016845703125,210.20338003976005,222.1016845703125,42700,0.0,0.0
2020-07-07 00:00:00+09:00,223.0932159423828,225.07626675075957,218.13558892144098,223.0932159423828,33100,0.0,0.0
2020-07-08 00:00:00+09:00,223.09321326178474,223.09321326178474,218.13558630041175,220.11863708496094,61800,0.0,0.0
2020-07-09 00:00:00+09:00,220.11864380442768,220.11864380442768,215.16101669171533,216.1525421142578,28800,0.0,0.0
2020-07-10 00:00:00+09:00,214.16948939732143,214.16948939732143,206.23728608630952,208.2203369140625,66900,0.0,0.0
2020-07-13 00:00:00+09:00,209.2118674384223,215.16102006700302,208.2203420003255,214.16949462890625,26400,0.0,0.0
2020-07-14 00:00:00+09:00,213.17796325683594,214.16948866733284,208.22033620435138,213.17796325683594,30600,0.0,0.0
2020-07-15 00:00:00+09:00,216.152533415322,216.152533415322,209.21185573684835,212.18643188476562,35800,0.0,0.0
2020-07-16 00:00:00+09:00,209.21185631272894,210.20338169809733,204.25422938588702,207.2288055419922,41700,0.0,0.0
2020-07-17 00:00:00+09:00,206.23728682355184,207.22881224097276,201.27965973644723,203.26271057128906,42500,0.0,0.0
2020-07-20 00:00:00+09:00,203.26270792743946,204.25423333196358,198.305080904819,200.2881317138672,26000,0.0,0.0
2020-07-21 00:00:00+09:00,201.279663933648,201.279663933648,195.33051130506726,196.32203674316406,53100,0.0,0.0
2020-07-22 00:00:00+09:00,200.2881350708008,200.2881350708008,193.34745712280272,198.30508422851562,27400,0.0,0.0
2020-07-27 00:00:00+09:00,196.32203338623046,198.30508422851562,193.34745712280272,198.30508422851562,22300,0.0,0.0
2020-07-28 00:00:00+09:00,197.31355618704393,197.31355618704393,194.33897996311865,195.33050537109375,18900,0.0,0.0
2020-07-29 00:00:00+09:00,194.33898067474365,194.33898067474365,188.38982820510864,190.3728790283203,59300,0.0,0.0
2020-07-30 00:00:00+09:00,190.3728763640873,190.3728763640873,183.43219857997994,187.39830017089844,63100,0.0,0.0
2020-07-31 00:00:00+09:00,191.3644017618169,201.27965573911314,176.4915207958726,187.39830017089844,110900,0.0,0.0
2020-08-03 00:00:00+09:00,180.45762302564538,186.40677543308425,180.45762302564538,182.440673828125,28300,0.0,0.0
2020-08-04 00:00:00+09:00,184.4237290602464,193.3474578857422,184.4237290602464,193.3474578857422,24500,0.0,0.0
2020-08-05 00:00:00+09:00,193.34745961457048,203.26271395377924,193.34745961457048,201.2796630859375,43300,0.0,0.0
2020-08-06 00:00:00+09:00,203.2627164970324,205.24576738968636,201.2796656043784,204.25424194335938,28000,0.0,0.0
2020-08-07 00:00:00+09:00,203.2627018411361,204.25422721597093,199.29660034179688,199.29660034179688,19400,0.0,0.0
2020-08-11 00:00:00+09:00,200.28812842275582,203.2627045874502,200.28812842275582,202.27117919921875,14700,0.0,0.0
2020-08-12 00:00:00+09:00,203.262707254161,205.24575805664062,200.2881310504416,205.24575805664062,21200,0.0,0.0
2020-08-13 00:00:00+09:00,205.24576482162098,205.24576482162098,200.28813765201662,201.2796630859375,25200,0.0,0.0
2020-08-14 00:00:00+09:00,201.2796510914665,202.2711764663013,199.29660034179688,199.29660034179688,14600,0.0,0.0
2020-08-17 00:00:00+09:00,199.29660890160537,203.26271057128906,198.30508348418445,203.26271057128906,21000,0.0,0.0
2020-08-18 00:00:00+09:00,203.2627164970324,205.24576738968636,202.2711910507054,204.25424194335938,26000,0.0,0.0
2020-08-19 00:00:00+09:00,205.24576738968636,205.24576738968636,202.2711910507054,204.25424194335938,23100,0.0,0.0
2020-08-20 00:00:00+09:00,210.20339128612417,240.94067963456686,208.22034042493434,224.08474731445312,488900,0.0,0.0
2020-08-21 00:00:00+09:00,233.99999193367978,233.99999193367978,220.11863647998692,225.07626342773438,209000,0.0,0.0
2020-08-24 00:00:00+09:00,229.04236836751303,229.04236836751303,221.11016513400608,223.0932159423828,44200,0.0,0.0
2020-08-25 00:00:00+09:00,223.0932192952109,224.08474471430074,218.1355921997618,221.11016845703125,60600,0.0,0.0
2020-08-26 00:00:00+09:00,218.13558630041175,221.11016247723552,218.13558630041175,220.11863708496094,44400,0.0,0.0
2020-08-27 00:00:00+09:00,219.1271218193902,219.1271218193902,211.19491831461588,214.16949462890625,48900,0.0,0.0
2020-08-28 00:00:00+09:00,198.30508761935764,209.2118674384223,194.3389858669705,196.32203674316406,171500,0.0,0.0
2020-08-31 00:00:00+09:00,195.33050404424253,209.21185966159987,195.33050404424253,205.24575805664062,79100,0.0,0.0
2020-09-01 00:00:00+09:00,206.23728942871094,206.23728942871094,203.26271313887378,206.23728942871094,25300,0.0,0.0
2020-09-02 00:00:00+09:00,206.23728414101177,206.23728414101177,199.2966063093431,200.2881317138672,45600,0.0,0.0
2020-09-03 00:00:00+09:00,202.2711818529212,205.24575805664062,201.2796564516814,205.24575805664062,17700,0.0,0.0
2020-09-04 00:00:00+09:00,200.28814015805142,205.24576738968636,199.29661471172443,204.25424194335938,110900,0.0,0.0
2020-09-07 00:00:00+09:00,202.2711910507054,209.21186917499432,201.2796656043784,204.25424194335938,30800,0.0,0.0
2020-09-08 00:00:00+09:00,206.23728345788044,207.22880885912025,203.262707254161,205.24575805664062,13200,0.0,0.0
2020-09-09 00:00:00+09:00,203.26271313887378,206.23728942871094,203.26271313887378,206.23728942871094,23600,0.0,0.0
2020-09-10 00:00:00+09:00,206.23728942871094,206.23728942871094,203.26271313887378,206.23728942871094,21500,0.0,0.0
2020-09-11 00:00:00+09:00,207.22880820508274,212.18643519563494,204.2542320107514,210.20338439941406,37100,0.0,0.0
2020-09-14 00:00:00+09:00,210.20338957900302,216.1525421142578,210.20338957900302,216.1525421142578,36900,0.0,0.0
2020-09-15 00:00:00+09:00,215.16102006700302,216.15254550509982,213.17796919080945,214.16949462890625,8800,0.0,0.0
2020-09-16 00:00:00+09:00,212.18643784633903,215.16101407782975,212.18643784633903,213.17796325683594,16100,0.0,0.0
2020-09-17 00:00:00+09:00,212.18643784633903,214.16948866733284,209.2118616148483,213.17796325683594,24700,0.0,0.0
2020-09-18 00:00:00+09:00,213.17796662379877,213.17796662379877,210.20339034532716,211.19491577148438,23600,0.0,0.0
2020-09-23 00:00:00+09:00,211.1949200676483,211.1949200676483,198.30508926539744,204.25424194335938,62900,0.0,0.0
2020-09-24 00:00:00+09:00,201.27965973644723,207.22881224097276,200.28813431902628,203.26271057128906,40300,0.0,0.0
2020-09-25 00:00:00+09:00,201.27965711839127,203.26270792743946,199.2966063093431,200.2881317138672,31100,0.0,0.0
2020-09-28 00:00:00+09:00,199.2966096496582,199.2966096496582,197.31355880737306,198.30508422851562,19100,0.0,0.0
2020-09-29 00:00:00+09:00,198.30508678417488,204.25423938770012,197.313561350254,201.2796630859375,11700,0.0,0.0
2020-09-30 00:00:00+09:00,201.27965973644723,203.26271057128906,201.27965973644723,203.26271057128906,12400,0.0,0.0
2020-10-02 00:00:00+09:00,204.2542367553711,204.2542367553711,197.31355880737306,198.30508422851562,25700,0.0,0.0
2020-10-05 00:00:00+09:00,200.28813765201662,201.2796630859375,199.29661221809573,201.2796630859375,8700,0.0,0.0
2020-10-06 00:00:00+09:00,201.2796630859375,202.27118851985836,198.30508678417488,201.2796630859375,26500,0.0,0.0
2020-10-07 00:00:00+09:00,204.25423456236373,216.15253948832668,203.26270915186683,213.17796325683594,324300,0.0,0.0
2020-10-08 00:00:00+09:00,205.24576482162098,205.24576482162098,199.29661221809573,201.2796630859375,130500,0.0,0.0
2020-10-09 00:00:00+09:00,201.279654421399,202.2711798126374,194.33897668273005,197.3135528564453,98800,0.0,0.0
2020-10-12 00:00:00+09:00,195.33050537109375,197.31355618704393,193.34745455514354,195.33050537109375,56300,0.0,0.0
2020-10-13 00:00:00+09:00,194.33897996311865,197.31355618704393,194.33897996311865,195.33050537109375,25800,0.0,0.0
2020-10-14 00:00:00+09:00,197.31355618704393,201.27965781894432,195.33050537109375,195.33050537109375,54700,0.0,0.0
2020-10-15 00:00:00+09:00,197.3135522580614,202.27117919921875,196.32202686982995,202.27117919921875,73500,0.0,0.0
2020-10-16 00:00:00+09:00,233.00847309391673,236.97457476360043,202.27118515386815,203.26271057128906,1317800,0.0,0.0
2020-10-19 00:00:00+09:00,203.26271480984158,203.26271480984158,194.3389858669705,196.32203674316406,172700,0.0,0.0
2020-10-20 00:00:00+09:00,194.33898254394532,198.30508422851562,193.34745712280272,198.30508422851562,46800,0.0,0.0
2020-10-21 00:00:00+09:00,196.32203674316406,198.30508761935764,196.32203674316406,196.32203674316406,38800,0.0,0.0
2020-10-22 00:00:00+09:00,198.3050850110176,198.3050850110176,193.3474578857422,193.3474578857422,33300,0.0,0.0
2020-10-23 00:00:00+09:00,194.33898672785784,194.33898672785784,184.42373230296712,191.36441040039062,72700,0.0,0.0
2020-10-26 00:00:00+09:00,188.38982893183908,190.37287976270053,185.41525268554688,185.41525268554688,92400,0.0,0.0
2020-10-27 00:00:00+09:00,185.41525268554688,186.4067781009776,183.43220185468542,185.41525268554688,33300,0.0,0.0
2020-10-28 00:00:00+09:00,186.40678497481215,186.40678497481215,181.44915771484375,181.44915771484375,31700,0.0,0.0
2020-10-29 00:00:00+09:00,181.4491484268852,183.4321992293648,178.47457222316578,182.440673828125,38600,0.0,0.0
2020-10-30 00:00:00+09:00,182.44068060980902,194.3389858669705,178.47457885742188,178.47457885742188,113900,0.0,0.0
2020-11-02 00:00:00+09:00,179.46609497070312,182.44067113043855,179.46609497070312,179.46609497070312,20600,0.0,0.0
2020-11-04 00:00:00+09:00,180.45763226285007,186.40678497481215,180.45763226285007,181.44915771484375,39200,0.0,0.0
2020-11-05 00:00:00+09:00,183.4322036351913,193.3474578857422,183.4322036351913,193.3474578857422,71800,0.0,0.0
2020-11-06 00:00:00+09:00,195.33050207396846,200.28812903016058,194.33897668273005,197.3135528564453,88800,0.0,0.0
2020-11-09 00:00:00+09:00,202.27119012691048,245.89830956604806,201.2796646851119,227.059326171875,1522500,0.0,0.0
2020-11-10 00:00:00+09:00,230.03389236162295,230.03389236162295,201.27965581642007,210.20338439941406,481500,0.0,0.0
2020-11-11 00:00:00+09:00,210.2033937282472,213.1779700545903,206.2372919597897,209.2118682861328,80000,0.0,0.0
2020-11-12 00:00:00+09:00,209.21185966159987,215.16101206903872,201.2796564516814,205.24575805664062,186900,0.0,0.0
2020-11-13 00:00:00+09:00,203.2627018411361,205.24575259080572,199.29660034179688,199.29660034179688,82300,0.0,0.0
2020-11-16 00:00:00+09:00,203.26270661264095,210.20338439941406,201.27965581642007,210.20338439941406,88600,0.0,0.0
2020-11-17 00:00:00+09:00,205.24576217651367,208.2203384399414,196.32203338623046,198.30508422851562,174500,0.0,0.0
2020-11-18 00:00:00+09:00,199.2966081891741,225.07626894996278,199.2966081891741,208.2203369140625,356600,0.0,0.0
2020-11-19 00:00:00+09:00,208.2203420003255,219.1271218193902,206.23729112413193,214.16949462890625,163900,0.0,0.0
2020-11-20 00:00:00+09:00,213.17795617239815,224.08473532540458,213.17795617239815,222.1016845703125,134800,0.0,0.0
2020-11-24 00:00:00+09:00,225.07626745050604,227.05931826504795,214.16948797052558,218.13558959960938,233400,0.0,0.0
2020-11-25 00:00:00+09:00,218.13558418060018,221.11016032851745,212.18643188476562,212.18643188476562,117700,0.0,0.0
2020-11-26 00:00:00+09:00,211.19491243584213,215.16101407782975,202.27118374136992,213.17796325683594,80900,0.0,0.0
2020-11-27 00:00:00+09:00,213.17795995193694,218.13558692756337,208.2203329763105,215.1610107421875,105600,0.0,0.0
2020-11-30 00:00:00+09:00,215.1610114564287,235.98304482317985,215.1610114564287,233.0084686279297,306100,0.0,0.0
2020-12-01 00:00:00+09:00,230.0338897705078,235.98304209215888,227.05931360968228,230.0338897705078,197200,0.0,0.0
2020-12-02 00:00:00+09:00,232.01694115458082,232.01694115458082,218.13558570088793,225.07626342773438,179300,0.0,0.0
2020-12-03 00:00:00+09:00,225.07626404633393,225.07626404633393,219.12711169268633,220.11863708496094,48600,0.0,0.0
2020-12-04 00:00:00+09:00,220.11864725748697,220.11864725748697,209.2118674384223,214.16949462890625,115800,0.0,0.0
2020-12-07 00:00:00+09:00,222.1016964532633,224.08474731445312,216.15254386969374,224.08474731445312,194400,0.0,0.0
2020-12-08 00:00:00+09:00,224.08474984647927,230.03390249727076,220.11864807928495,227.059326171875,147500,0.0,0.0
2020-12-09 00:00:00+09:00,223.0932159423828,224.08474134657118,218.13558892144098,223.0932159423828,63400,0.0,0.0
2020-12-10 00:00:00+09:00,222.1016946495126,222.1016946495126,215.16101669171533,216.1525421142578,61600,0.0,0.0
2020-12-11 00:00:00+09:00,218.1355963812934,218.1355963812934,210.2033928765191,214.16949462890625,99400,0.0,0.0
2020-12-14 00:00:00+09:00,212.18643519563494,214.16948599185585,210.20338439941406,210.20338439941406,66800,0.0,0.0
2020-12-15 00:00:00+09:00,210.20338111948746,212.18643188476562,205.245754206292,212.18643188476562,89900,0.0,0.0
2020-12-16 00:00:00+09:00,213.17796256325462,218.13558959960938,211.1949117487127,218.13558959960938,86200,0.0,0.0
2020-12-17 00:00:00+09:00,218.13558418060018,219.1271095632393,212.18643188476562,212.18643188476562,59300,0.0,0.0
2020-12-18 00:00:00+09:00,213.1779605937454,213.1779605937454,210.20338439941406,210.20338439941406,48500,0.0,0.0
2020-12-21 00:00:00+09:00,211.19490708346572,212.18643246883408,204.25422938588702,207.2288055419922,73000,0.0,0.0
2020-12-22 00:00:00+09:00,207.2288067688295,207.2288067688295,197.3135528564453,197.3135528564453,146400,0.0,0.0
2020-12-23 00:00:00+09:00,198.3050755092076,199.29660088675362,194.33897399902344,194.33897399902344,82000,0.0,0.0
2020-12-24 00:00:00+09:00,195.33050537109375,197.31355618704393,194.33897996311865,195.33050537109375,53300,0.0,0.0
2020-12-25 00:00:00+09:00,194.33897668273005,198.30507824768372,194.33897668273005,197.3135528564453,68700,0.0,0.0
2020-12-28 00:00:00+09:00,197.31355618704393,200.2881324109692,194.33897996311865,195.33050537109375,117100,0.0,0.0
2020-12-29 00:00:00+09:00,196.32202686982995,203.2627045874502,196.32202686982995,202.27117919921875,84200,0.0,0.0
2020-12-30 00:00:00+09:00,203.26270915186683,215.16101407782975,198.30508209938228,213.17796325683594,156900,0.0,0.0
2021-01-04 00:00:00+09:00,227.059314453125,268.703380859375,224.08473828125,247.88134765625,2430800,0.0,0.0
2021-01-05 00:00:00+09:00,255.81356503547877,327.2033971384031,254.82203958960483,324.22882080078125,5073300,0.0,0.0
2021-01-06 00:00:00+09:00,290.5169317265421,307.37286291886704,266.7203229844362,284.5677795410156,3040700,0.0,0.0
2021-01-07 00:00:00+09:00,312.33049337856306,337.1186277736871,298.44913811729356,310.3474426269531,4266200,0.0,0.0
2021-01-08 00:00:00+09:00,307.37286191998106,319.27116625236744,288.5338800603693,294.4830322265625,1569800,0.0,0.0
2021-01-12 00:00:00+09:00,294.4830383300781,294.4830383300781,266.720327645761,267.71185302734375,869300,0.0,0.0
2021-01-13 00:00:00+09:00,272.6694853409477,301.4237219769022,272.6694853409477,296.4660949707031,1414500,0.0,0.0
2021-01-14 00:00:00+09:00,299.4406600048318,307.37286291886704,282.5847288125068,284.5677795410156,672800,0.0,0.0
2021-01-15 00:00:00+09:00,277.6271029585966,285.5593059002708,267.7118492815038,274.65252685546875,542800,0.0,0.0
2021-01-18 00:00:00+09:00,266.72034201882104,276.6355963689631,259.7796639737216,272.66949462890625,400400,0.0,0.0
2021-01-19 00:00:00+09:00,266.7203329335088,283.5762647545856,266.7203329335088,273.6610107421875,295900,0.0,0.0
2021-01-20 00:00:00+09:00,277.6271218039773,279.6101726740057,268.7033928888494,272.66949462890625,333100,0.0,0.0
2021-01-21 00:00:00+09:00,274.6525413567293,283.57627013727284,271.67796509654806,279.61016845703125,287100,0.0,0.0
2021-01-22 00:00:00+09:00,282.5847489790483,288.5339015891335,267.7118674538352,272.66949462890625,503200,0.0,0.0
2021-01-25 00:00:00+09:00,270.6864303588867,279.6101588322566,253.83049879807692,257.7966003417969,560000,0.0,0.0
2021-01-26 00:00:00+09:00,259.7796564317287,265.72880886909655,257.7966056192728,263.7457580566406,182200,0.0,0.0
2021-01-27 00:00:00+09:00,259.7796517166437,263.74575326956955,247.8813470578661,252.83897399902344,355600,0.0,0.0
2021-01-28 00:00:00+09:00,244.90677209970903,249.86439906529017,240.9406705272441,242.92372131347656,259800,0.0,0.0
2021-01-29 00:00:00+09:00,243.91525423728814,247.8813559322034,232.01694915254237,234.0,292500,0.0,0.0
2021-02-01 00:00:00+09:00,235.98304934617948,245.8983035203887,231.0254222590749,243.91525268554688,203300,0.0,0.0
2021-02-02 00:00:00+09:00,244.90678320990668,250.8559358384874,239.94915601942273,249.86441040039062,160200,0.0,0.0
2021-02-03 00:00:00+09:00,253.8305,253.8305,245.898296875,247.88134765625,193000,0.0,0.0
2021-02-04 00:00:00+09:00,247.88135952419705,250.8559358384874,243.91525777180988,249.86441040039062,105500,0.0,0.0
2021-02-05 00:00:00+09:00,248.87287304687501,250.85592382812501,244.906771484375,247.88134765625,140100,0.0,0.0
2021-02-08 00:00:00+09:00,252.83898144233518,252.83898144233518,238.95762559844226,243.91525268554688,182900,0.0,0.0
2021-02-09 00:00:00+09:00,243.91524398425395,246.8898201304034,237.96609169195506,239.9491424560547,183400,0.0,0.0
2021-02-10 00:00:00+09:00,237.96609497070312,242.92372194925943,235.9830441792806,237.96609497070312,121100,0.0,0.0
2021-02-12 00:00:00+09:00,237.96609434789542,254.82202603087134,233.99999277543048,242.92372131347656,225200,0.0,0.0
2021-02-15 00:00:00+09:00,241.93220260430175,244.90677886583003,238.95762634277344,238.95762634277344,161100,0.0,0.0
2021-02-16 00:00:00+09:00,239.94915601942273,240.94068145751953,232.01695251464844,232.01695251464844,198700,0.0,0.0
2021-02-17 00:00:00+09:00,232.01694767649582,247.88135435523057,232.01694767649582,243.91525268554688,202400,0.0,0.0
2021-02-18 00:00:00+09:00,256.80508391194326,270.6864397990753,238.95762634277344,238.95762634277344,1022000,0.0,0.0
2021-02-19 00:00:00+09:00,246.88982819940938,258.7881331728749,235.98304864039935,248.8728790283203,632100,0.0,0.0
2021-02-22 00:00:00+09:00,252.83896971284673,264.7372741699219,248.87286822715504,264.7372741699219,620900,0.0,0.0
2021-02-24 00:00:00+09:00,265.72881031036377,265.72881031036377,251.84745454788208,253.83050537109375,311500,0.0,0.0
2021-02-25 00:00:00+09:00,259.77964731280724,267.7118502841907,255.81354582711552,264.7372741699219,240500,0.0,0.0
2021-02-26 00:00:00+09:00,256.80508500947724,259.7796612837183,249.86440703624814,251.8474578857422,182600,0.0,0.0
2021-03-01 00:00:00+09:00,251.8474578857422,257.79661043422425,249.86440703624814,251.8474578857422,141800,0.0,0.0
2021-03-02 00:00:00+09:00,254.82203759087457,263.74576653374567,243.91525777180988,249.86441040039062,152500,0.0,0.0
2021-03-03 00:00:00+09:00,249.8644017865581,249.8644017865581,245.89830017089844,245.89830017089844,63300,0.0,0.0
2021-03-04 00:00:00+09:00,240.9406711578369,243.91524734497068,233.99999338785807,237.96609497070312,148400,0.0,0.0
2021-03-05 00:00:00+09:00,234.9915213879244,240.940673828125,229.0423689477238,240.940673828125,142300,0.0,0.0
2021-03-08 00:00:00+09:00,239.94914303550237,240.9406684199466,233.99999072883702,234.99151611328125,120800,0.0,0.0
2021-03-09 00:00:00+09:00,233.99999532391948,245.89830017089844,233.00846992000456,245.89830017089844,124800,0.0,0.0
2021-03-10 00:00:00+09:00,245.89830086162553,245.89830086162553,239.9491484214249,240.940673828125,51200,0.0,0.0
2021-03-11 00:00:00+09:00,244.90678239518104,254.82203674316406,242.92373152558443,254.82203674316406,134500,0.0,0.0
2021-03-12 00:00:00+09:00,252.83897399902344,252.83897399902344,246.88982166963464,252.83897399902344,61100,0.0,0.0
2021-03-15 00:00:00+09:00,255.8135569295085,255.8135569295085,246.88982819940938,248.8728790283203,69200,0.0,0.0
2021-03-16 00:00:00+09:00,250.85594323403078,258.78814697265625,249.8644177667026,258.78814697265625,103100,0.0,0.0
2021-03-17 00:00:00+09:00,258.7881324291229,259.77965784072876,253.83050537109375,253.83050537109375,63200,0.0,0.0
2021-03-18 00:00:00+09:00,252.83898254158873,256.8050842285156,250.8559316981253,256.8050842285156,64700,0.0,0.0
2021-03-19 00:00:00+09:00,252.83897995948792,257.7966070175171,251.84745454788208,253.83050537109375,83600,0.0,0.0
2021-03-22 00:00:00+09:00,254.8220384129938,265.7288182672465,254.8220384129938,262.7542419433594,176300,0.0,0.0
2021-03-23 00:00:00+09:00,263.74575326956955,263.74575326956955,250.8559232225605,252.83897399902344,86000,0.0,0.0
2021-03-24 00:00:00+09:00,251.84745259438793,253.83050340221774,242.9237239591537,245.89830017089844,77100,0.0,0.0
2021-03-25 00:00:00+09:00,241.9321953125,250.85592382812501,240.940669921875,247.88134765625,66000,0.0,0.0
2021-03-26 00:00:00+09:00,248.87287831306458,253.83050537109375,248.87287831306458,253.83050537109375,36300,0.0,0.0
2021-03-29 00:00:00+09:00,254.822025390625,259.77965234375,247.88134765625,247.88134765625,107400,0.0,0.0
2021-03-30 00:00:00+09:00,248.87287571119225,253.8305027173913,247.88135030995247,250.85592651367188,26500,0.0,0.0
2021-03-31 00:00:00+09:00,251.84746870135896,261.7627233746408,251.84746870135896,258.78814697265625,125500,0.0,0.0
2021-04-01 00:00:00+09:00,259.77966049371076,259.77966049371076,253.83050796332046,256.8050842285156,37400,0.0,0.0
2021-04-02 00:00:00+09:00,258.7881401781766,267.71186914983787,255.8135638542895,262.7542419433594,174300,0.0,0.0
2021-04-05 00:00:00+09:00,263.745755387803,263.745755387803,257.7966030106345,260.77117919921875,69100,0.0,0.0
2021-04-06 00:00:00+09:00,260.7711832523346,260.7711832523346,252.83897995948792,253.83050537109375,55200,0.0,0.0
2021-04-07 00:00:00+09:00,254.82203674316406,260.7711893519539,252.83898587356748,254.82203674316406,31100,0.0,0.0
2021-04-08 00:00:00+09:00,259.779653803024,265.7288061801925,256.80507761443977,260.77117919921875,87700,0.0,0.0
2021-04-09 00:00:00+09:00,261.76270188551683,262.75422727144684,256.80507495586687,257.7966003417969,56800,0.0,0.0
2021-04-12 00:00:00+09:00,261.7627052484557,261.7627052484557,252.83897666044015,255.8135528564453,70700,0.0,0.0
2021-04-13 00:00:00+09:00,255.81355958473023,255.81355958473023,249.86440703624814,251.8474578857422,59900,0.0,0.0
2021-04-14 00:00:00+09:00,253.8305,253.8305,247.88134765625,247.88134765625,100600,0.0,0.0
2021-04-15 00:00:00+09:00,232.01693995994856,239.94914303550237,229.0423638066159,234.99151611328125,337300,0.0,0.0
2021-04-16 00:00:00+09:00,235.98304820572358,235.98304820572358,228.05084490469085,231.02542114257812,136400,0.0,0.0
2021-04-19 00:00:00+09:00,234.99151302723402,310.34744125537657,232.01693691296524,264.7372741699219,4838100,0.0,0.0
2021-04-20 00:00:00+09:00,322.245766587491,344.059326171875,300.432207003107,344.059326171875,7939200,0.0,0.0
2021-04-21 00:00:00+09:00,423.38134765625,423.38134765625,423.38134765625,423.38134765625,380500,0.0,0.0
2021-04-22 00:00:00+09:00,461.0592985530642,502.7033642288248,354.9660836171978,375.7881164550781,13865500,0.0,0.0
2021-04-23 00:00:00+09:00,415.44914805395365,419.41524970602,326.21186088246003,335.1355895996094,5684700,0.0,0.0
2021-04-26 00:00:00+09:00,345.05085624949794,414.4576376789946,315.3050927797136,385.7033996582031,6621800,0.0,0.0
2021-04-27 00:00:00+09:00,369.83899213005515,378.7627211626838,333.1525505514706,337.11865234375,3289600,0.0,0.0
2021-04-28 00:00:00+09:00,337.11864895290796,363.88983578152124,337.11864895290796,356.94915771484375,1889900,0.0,0.0
2021-04-30 00:00:00+09:00,351.9915305243598,396.61017523871527,342.0762761433919,392.6440734863281,3208200,0.0,0.0
2021-05-06 00:00:00+09:00,464.0338916938846,471.9660949707031,419.4152482617803,471.9660949707031,6477000,0.0,0.0
2021-05-07 00:00:00+09:00,459.0762787984461,474.94068584115695,399.58475238828026,405.5339050292969,3734400,0.0,0.0
2021-05-10 00:00:00+09:00,412.47458224826386,445.1949217054579,388.677971733941,392.6440734863281,2619600,0.0,0.0
2021-05-11 00:00:00+09:00,400.57625684551164,405.5338837866689,374.79659675149355,404.5423583984375,1522100,0.0,0.0
2021-05-12 00:00:00+09:00,456.1016987976216,482.8728854661777,419.41525780737817,425.3644104003906,7708500,0.0,0.0
2021-05-13 00:00:00+09:00,421.39829968351694,445.1949095479979,397.601689819036,403.55084228515625,2222200,0.0,0.0
2021-05-14 00:00:00+09:00,426.3559212567289,446.18642922215815,405.5338878930282,443.21185302734375,2172000,0.0,0.0
2021-05-17 00:00:00+09:00,436.27116612025674,460.06777518136164,421.39828545706615,444.203369140625,1922500,0.0,0.0
2021-05-18 00:00:00+09:00,437.262705634622,500.72033184917035,436.2711802250197,471.9660949707031,3906300,0.0,0.0
2021-05-19 00:00:00+09:00,487.830509410185,551.2881366505343,481.88135685640225,539.3898315429688,8688800,0.0,0.0
2021-05-20 00:00:00+09:00,534.4322023133974,577.0677954478614,503.694914239714,513.6101684570312,4024100,0.0,0.0
2021-05-21 00:00:00+09:00,521.542343637536,536.415224159519,494.77115869796665,516.584716796875,1902500,0.0,0.0
2021-05-24 00:00:00+09:00,515.593207364622,562.1949011071936,500.7203263829502,534.4321899414062,2494700,0.0,0.0
2021-05-25 00:00:00+09:00,552.279673169074,574.0932329710841,540.3813678225231,564.177978515625,2119200,0.0,0.0
2021-05-26 00:00:00+09:00,558.2287854424839,584.0084451609645,551.2881078259699,575.084716796875,1562700,0.0,0.0
2021-05-27 00:00:00+09:00,593.9237420784953,672.2542523025372,592.9322166326214,648.4576416015625,4783500,0.0,0.0
2021-05-28 00:00:00+09:00,698.0338961693549,724.8050825281227,645.4830488725142,676.2203369140625,3633700,0.0,0.0
2021-05-31 00:00:00+09:00,660.3559449986049,702.9915390450614,647.4661142403738,694.0678100585938,1745000,0.0,0.0
2021-06-01 00:00:00+09:00,713.8982925907258,768.4321899414062,697.0423606823337,768.4321899414062,3050600,0.0,0.0
2021-06-02 00:00:00+09:00,753.5593107376976,780.3304967770631,652.4237190334276,690.1016845703125,4410000,0.0,0.0
2021-06-03 00:00:00+09:00,732.7372944450116,745.6271250644774,692.0847517220814,720.8389892578125,1758100,0.0,0.0
2021-06-04 00:00:00+09:00,700.0169147960333,723.8135237975982,646.4745445425124,653.4152221679688,2597600,0.0,0.0
2021-06-07 00:00:00+09:00,682.1694867567002,683.1610121734977,554.2627079898189,591.940673828125,3770700,0.0,0.0
2021-06-08 00:00:00+09:00,582.0254305627952,632.5932277667177,554.2627183724063,616.7288208007812,2419900,0.0,0.0
2021-06-09 00:00:00+09:00,601.8559157364851,617.7203220820927,562.1948998724664,567.1525268554688,1579300,0.0,0.0
2021-06-10 00:00:00+09:00,559.2203369140625,589.9576249359347,558.2288114940021,559.2203369140625,1137700,0.0,0.0
2021-06-11 00:00:00+09:00,568.144053436989,572.1101550316627,501.7118517262067,511.6271057128906,2375800,0.0,0.0
2021-06-14 00:00:00+09:00,500.72034173262745,501.71186716180097,468.0000025699013,470.9745788574219,1984400,0.0,0.0
2021-06-15 00:00:00+09:00,485.8474758938626,550.296630859375,477.9152722057995,550.296630859375,3539000,0.0,0.0
2021-06-16 00:00:00+09:00,545.3389606062007,559.2203159670858,498.7372676089435,502.703369140625,2491800,0.0,0.0
2021-06-17 00:00:00+09:00,492.7881205597816,518.5677807902732,472.9576126901727,508.65252685546875,1587300,0.0,0.0
2021-06-18 00:00:00+09:00,496.75422195123167,506.669475882394,485.8474426269531,485.8474426269531,601700,0.0,0.0
2021-06-21 00:00:00+09:00,469.98304558618895,474.94067264933443,452.13558815886535,462.05084228515625,906500,0.0,0.0
2021-06-22 00:00:00+09:00,474.94068222866264,489.813563718078,458.08474987399194,461.059326171875,786100,0.0,0.0
2021-06-23 00:00:00+09:00,456.1016832048728,464.03388639104446,431.31354824808625,443.21185302734375,1152600,0.0,0.0
2021-06-24 00:00:00+09:00,463.0423524760764,471.96608089638625,433.2965910750437,434.2881164550781,857000,0.0,0.0
2021-06-25 00:00:00+09:00,435.2796698910066,448.1695006622665,427.3474663394621,431.3135681152344,600100,0.0,0.0
2021-06-28 00:00:00+09:00,431.31356230879254,454.1186472124758,426.3559351558179,448.16949462890625,714100,0.0,0.0
2021-06-29 00:00:00+09:00,437.2627087035851,449.1610137023221,429.33050537109375,429.33050537109375,592500,0.0,0.0
2021-06-30 00:00:00+09:00,426.3559238692916,434.2881271040691,415.4491444214725,423.38134765625,543600,0.0,0.0
2021-07-01 00:00:00+09:00,424.37286376953125,427.3474399174485,412.47455917786215,424.37286376953125,458500,0.0,0.0
2021-07-02 00:00:00+09:00,424.37287569267806,433.29660438715024,417.4321978191997,426.3559265136719,349200,0.0,0.0
2021-07-05 00:00:00+09:00,426.3559129094503,426.3559129094503,399.5847276802523,411.4830322265625,711300,0.0,0.0
2021-07-06 00:00:00+09:00,411.4830388349918,427.34744515152164,404.5423610715101,407.5169372558594,608000,0.0,0.0
2021-07-07 00:00:00+09:00,407.51695073508745,411.4830524454046,396.61017103171525,399.5847473144531,390200,0.0,0.0
2021-07-08 00:00:00+09:00,391.6525480482313,399.5847515530056,382.72881910536023,392.6440734863281,612000,0.0,0.0
2021-07-09 00:00:00+09:00,387.68643059100293,400.57626076410537,377.7711766116934,397.6016845703125,395300,0.0,0.0
2021-07-12 00:00:00+09:00,400.5762621008832,416.4406685207201,400.5762621008832,410.49151611328125,482700,0.0,0.0
2021-07-13 00:00:00+09:00,421.39830651221337,474.94067957494167,418.4237302309507,458.0847473144531,2861700,0.0,0.0
2021-07-14 00:00:00+09:00,447.177957288954,454.1186351182726,428.33897460937504,446.1864318847656,1303000,0.0,0.0
2021-07-15 00:00:00+09:00,454.1186351182726,455.11016052246094,438.2542286512587,446.1864318847656,655300,0.0,0.0
2021-07-16 00:00:00+09:00,474.940680875237,522.5339015057409,452.1355959897872,506.66949462890625,3677400,0.0,0.0
2021-07-19 00:00:00+09:00,508.6525345828555,559.220330418578,508.6525345828555,540.38134765625,2833100,0.0,0.0
2021-07-20 00:00:00+09:00,540.38134932518,548.3135526180267,497.74575662612915,507.6610107421875,1448900,0.0,0.0
2021-07-21 00:00:00+09:00,543.3559418300413,543.3559418300413,509.6440768259876,525.5084838867188,760100,0.0,0.0
2021-07-26 00:00:00+09:00,542.36443110671,557.2373131297459,526.5000236154717,530.4661254882812,1024300,0.0,0.0
2021-07-27 00:00:00+09:00,520.5508398388574,526.4999922941587,482.8728742886163,494.77117919921875,1056200,0.0,0.0
2021-07-28 00:00:00+09:00,489.81355357413884,491.79660439832566,471.9660961564577,484.8559265136719,798100,0.0,0.0
2021-07-29 00:00:00+09:00,479.89831203884546,481.88136291503906,462.0508541531033,464.0339050292969,415200,0.0,0.0
2021-07-30 00:00:00+09:00,464.03388169232534,543.3559127508425,464.03388169232534,505.6779479980469,1696700,0.0,0.0
2021-08-02 00:00:00+09:00,499.7288191383451,520.5508532691094,481.88136131197564,509.6440734863281,737800,0.0,0.0
2021-08-03 00:00:00+09:00,499.728813559322,537.4067796610169,499.728813559322,526.5,936000,0.0,0.0
2021-08-04 00:00:00+09:00,533.4406865782157,545.3389918550532,511.62712690401355,512.61865234375,724600,0.0,0.0
2021-08-05 00:00:00+09:00,510.635592682193,510.635592682193,485.84745711509623,490.8050842285156,547500,0.0,0.0
2021-08-06 00:00:00+09:00,491.7966029715682,499.72880624530313,474.94067101488133,494.77117919921875,327100,0.0,0.0
2021-08-10 00:00:00+09:00,492.7881402112767,505.67797084054547,482.8728858810699,496.7542419433594,367500,0.0,0.0
2021-08-11 00:00:00+09:00,504.68642107773593,508.6525226186219,485.84743875852774,492.7881164550781,328400,0.0,0.0
2021-08-12 00:00:00+09:00,488.82201880630186,492.78812037876673,484.8559172338369,485.8474426269531,256300,0.0,0.0
2021-08-13 00:00:00+09:00,485.84744389851886,485.84744389851886,471.9660883585612,475.93218994140625,303000,0.0,0.0
2021-08-16 00:00:00+09:00,481.8813352109036,481.8813352109036,454.1186245403166,457.09320068359375,271900,0.0,0.0
2021-08-17 00:00:00+09:00,465.02541601007636,466.0169414173473,430.3220267555931,436.27117919921875,383300,0.0,0.0
2021-08-18 00:00:00+09:00,436.27116915545884,482.87286222433744,426.3559153110166,469.9830322265625,819900,0.0,0.0
2021-08-19 00:00:00+09:00,446.18642261445916,464.03387951903755,446.18642261445916,447.1779479980469,389600,0.0,0.0
2021-08-20 00:00:00+09:00,470.9745767548328,515.5932208684485,467.00847505584477,503.6949157714844,1563300,0.0,0.0
2021-08-23 00:00:00+09:00,498.73728760998654,503.69491472340593,482.87288084704466,490.8050842285156,452300,0.0,0.0
2021-08-24 00:00:00+09:00,497.7457666761092,522.5339024667521,482.8728852017235,519.559326171875,693200,0.0,0.0
2021-08-25 00:00:00+09:00,520.5508479921837,526.5000005406657,501.7118649219903,503.6949157714844,572100,0.0,0.0
2021-08-26 00:00:00+09:00,497.7457475271838,516.5847300033123,488.8220189858598,508.65252685546875,382900,0.0,0.0
2021-08-27 00:00:00+09:00,508.6525413483726,516.5847447222264,503.694914239714,513.6101684570312,303500,0.0,0.0
2021-08-30 00:00:00+09:00,513.6101591665162,535.4237180500361,511.6271083589234,514.6016845703125,396300,0.0,0.0
2021-08-31 00:00:00+09:00,516.5847598403248,539.3898452075559,514.6017089388264,531.4576416015625,506900,0.0,0.0
2021-09-01 00:00:00+09:00,532.449141838647,537.4067688576289,507.66100674373797,514.6016845703125,531900,0.0,0.0
2021-09-02 00:00:00+09:00,512.6186497907231,519.5593278343111,494.7711919643536,509.6440734863281,475000,0.0,0.0
2021-09-03 00:00:00+09:00,499.72881255278713,521.542371830885,495.76271086586024,513.6101684570312,406500,0.0,0.0
2021-09-06 00:00:00+09:00,508.65255138469195,533.4406874170843,501.71187329562207,525.5084838867188,667200,0.0,0.0
2021-09-07 00:00:00+09:00,525.508480443101,530.4661076170926,506.66949718193325,509.6440734863281,502400,0.0,0.0
2021-09-08 00:00:00+09:00,504.6864266631268,527.491510775606,504.6864266631268,521.5423583984375,507200,0.0,0.0
2021-09-09 00:00:00+09:00,515.5932018803614,515.5932018803614,504.6864226098154,505.6779479980469,385700,0.0,0.0
2021-09-10 00:00:00+09:00,505.6779506750274,516.5847300033123,505.6779506750274,508.65252685546875,278000,0.0,0.0
2021-09-13 00:00:00+09:00,507.6610200587084,509.6440709183127,498.7372911904889,506.66949462890625,250700,0.0,0.0
2021-09-14 00:00:00+09:00,502.7033877533261,508.65254027111695,498.7372860747989,500.7203369140625,251300,0.0,0.0
2021-09-15 00:00:00+09:00,497.74574338118555,499.7287941516285,480.8898118324203,492.7881164550781,359200,0.0,0.0
2021-09-16 00:00:00+09:00,487.8305015243402,492.7881285723518,464.0338916938846,471.9660949707031,468300,0.0,0.0
2021-09-17 00:00:00+09:00,478.9067634246634,485.8474411554556,469.9830349136448,472.9576110839844,156700,0.0,0.0
2021-09-21 00:00:00+09:00,448.16948395104953,467.00846668350516,448.16948395104953,459.0762634277344,343500,0.0,0.0
2021-09-22 00:00:00+09:00,460.06778617527175,469.98304018766987,448.16948136039406,456.1016845703125,199700,0.0,0.0
2021-09-24 00:00:00+09:00,462.0508541531033,469.98305765787757,462.0508541531033,464.0339050292969,136400,0.0,0.0
2021-09-27 00:00:00+09:00,469.9830306377949,477.91523368653407,452.1355737781318,457.09320068359375,147000,0.0,0.0
2021-09-28 00:00:00+09:00,457.09319904872353,463.04235131399975,441.2287930079869,444.203369140625,217900,0.0,0.0
2021-09-29 00:00:00+09:00,442.2203276290723,458.0847340014157,439.2457514342579,443.21185302734375,237500,0.0,0.0
2021-09-30 00:00:00+09:00,444.2033742386891,449.16100118331735,426.3559172380275,427.3474426269531,246800,0.0,0.0
2021-10-01 00:00:00+09:00,432.30508334211294,481.8813543675846,429.33050708058465,477.9152526855469,1314400,0.0,0.0
2021-10-04 00:00:00+09:00,466.016939968533,469.98304158528646,433.29660163031684,446.1864318847656,678400,0.0,0.0
2021-10-05 00:00:00+09:00,430.322017609127,441.2287968572846,414.4576114299887,437.2626953125,339300,0.0,0.0
2021-10-06 00:00:00+09:00,437.2627032470703,450.15253350151914,429.3305000135634,446.1864318847656,281400,0.0,0.0
2021-10-07 00:00:00+09:00,446.1864385904218,453.1271165240506,439.24576065679304,442.2203369140625,154700,0.0,0.0
2021-10-08 00:00:00+09:00,447.17795191584406,447.17795191584406,439.2457487776473,440.2372741699219,118400,0.0,0.0
2021-10-11 00:00:00+09:00,438.2542168753488,447.1779452732631,437.26269149780273,444.203369140625,106800,0.0,0.0
2021-10-12 00:00:00+09:00,446.1864437677164,467.00847781020985,442.22034204533674,448.16949462890625,169700,0.0,0.0
2021-10-13 00:00:00+09:00,453.127100299573,455.11015106674836,439.24574492934534,447.1779479980469,87800,0.0,0.0
2021-10-14 00:00:00+09:00,446.1864265235695,446.1864265235695,437.2626979930981,440.2372741699219,103700,0.0,0.0
2021-10-15 00:00:00+09:00,441.2288166147418,453.1271217818809,437.2627148923621,448.16949462890625,182600,0.0,0.0
2021-10-18 00:00:00+09:00,455.1101662016906,455.1101662016906,415.44914953923393,429.33050537109375,501300,0.0,0.0
2021-10-19 00:00:00+09:00,422.3898263113839,430.3220296223958,414.457623000372,416.440673828125,233000,0.0,0.0
2021-10-20 00:00:00+09:00,416.44065912085847,421.3982860151544,401.5677784379707,411.4830322265625,295800,0.0,0.0
2021-10-21 00:00:00+09:00,404.54236769617626,411.48304557331653,401.5677914631162,403.55084228515625,235900,0.0,0.0
2021-10-22 00:00:00+09:00,401.567787502123,415.4491431194803,397.60168589716375,410.49151611328125,181500,0.0,0.0
2021-10-25 00:00:00+09:00,416.44067898602555,429.3305095260692,411.4830518552395,422.38983154296875,236800,0.0,0.0
2021-10-26 00:00:00+09:00,422.3898156823249,434.2881203494327,421.39829029339927,427.3474426269531,115400,0.0,0.0
2021-10-27 00:00:00+09:00,426.3559129094503,426.3559129094503,409.49998146884417,411.4830322265625,147100,0.0,0.0
2021-10-28 00:00:00+09:00,441.22881192687555,451.1440661274795,418.42372726548643,419.4152526855469,633300,0.0,0.0
2021-10-29 00:00:00+09:00,419.41525006975445,424.3728771391369,413.46609758649555,416.440673828125,136400,0.0,0.0
2021-11-01 00:00:00+09:00,427.34744145053855,439.2457460848923,426.3559160643424,437.2626953125,158900,0.0,0.0
2021-11-02 00:00:00+09:00,432.3050775701349,443.21185705011544,430.3220267555931,436.27117919921875,158300,0.0,0.0
2021-11-04 00:00:00+09:00,452.1355867786568,486.8389761147379,450.15253595945217,471.9660949707031,931800,0.0,0.0
2021-11-05 00:00:00+09:00,473.9491541478541,477.91525585620434,443.2118659081397,458.0847473144531,490800,0.0,0.0
2021-11-08 00:00:00+09:00,457.0932042947225,457.0932042947225,427.3474426269531,427.3474426269531,415600,0.0,0.0
2021-11-09 00:00:00+09:00,424.3728652919501,449.16099994685374,420.40676374716554,437.2626953125,400500,0.0,0.0
2021-11-10 00:00:00+09:00,428.33897995453236,440.23728495326935,428.33897995453236,429.33050537109375,182900,0.0,0.0
2021-11-11 00:00:00+09:00,417.4321978191997,466.0169429335483,391.65253714628,426.3559265136719,1529900,0.0,0.0
2021-11-12 00:00:00+09:00,434.28811480353863,436.2711655560662,416.4406580307905,421.3982849121094,287700,0.0,0.0
2021-11-15 00:00:00+09:00,429.3304918645101,431.3135426352469,412.4745603132476,414.4576110839844,299800,0.0,0.0
2021-11-16 00:00:00+09:00,411.4830518552395,425.36440782144035,411.4830518552395,422.38983154296875,176900,0.0,0.0
2021-11-17 00:00:00+09:00,418.4237340230646,421.3983103312854,413.46610684269655,415.44915771484375,135900,0.0,0.0
2021-11-18 00:00:00+09:00,403.5508490247703,406.52542530750816,397.60169645929454,399.5847473144531,260300,0.0,0.0
2021-11-19 00:00:00+09:00,397.6016900539398,404.54236793518066,371.8220293521881,380.7457580566406,458700,0.0,0.0
2021-11-22 00:00:00+09:00,366.8643907477094,383.7203222144961,366.8643907477094,378.7626953125,341400,0.0,0.0
2021-11-24 00:00:00+09:00,375.78812978081305,381.73728223116893,366.8644011052792,367.8559265136719,190100,0.0,0.0
2021-11-25 00:00:00+09:00,351.99151611328125,364.88134628080985,348.02541452327245,351.99151611328125,575200,0.0,0.0
2021-11-26 00:00:00+09:00,355.957634791855,359.9237365722656,343.06780400552043,359.9237365722656,286600,0.0,0.0
2021-11-29 00:00:00+09:00,352.9830559624566,370.8305138481988,349.01695421006946,356.94915771484375,243800,0.0,0.0
2021-11-30 00:00:00+09:00,363.8898113122147,370.8304889121752,351.99150685513956,352.9830322265625,164000,0.0,0.0
2021-12-01 00:00:00+09:00,349.0169559151786,355.9576340157645,341.0847523716518,347.0339050292969,175800,0.0,0.0
2021-12-02 00:00:00+09:00,339.1016818696419,350.00846111106307,332.1610041705556,336.1271057128906,242800,0.0,0.0
2021-12-03 00:00:00+09:00,338.11017848547056,351.00000933682276,336.1271275852625,350.00848388671875,160800,0.0,0.0
2021-12-06 00:00:00+09:00,343.0677861442343,349.01693850511697,339.1016845703125,339.1016845703125,139000,0.0,0.0
2021-12-07 00:00:00+09:00,339.10170393557456,354.96611113723884,339.10170393557456,350.00848388671875,154700,0.0,0.0
2021-12-08 00:00:00+09:00,350.00846034224315,373.8050695439821,350.00846034224315,368.8474426269531,269600,0.0,0.0
2021-12-09 00:00:00+09:00,372.8135508661685,377.77117787236756,360.91524605129075,364.88134765625,151800,0.0,0.0
2021-12-10 00:00:00+09:00,358.93220601228774,375.78813833883163,348.02542627158283,353.9745788574219,138600,0.0,0.0
2021-12-13 00:00:00+09:00,350.00848388671875,352.9830602370308,343.06780573599065,350.00848388671875,97500,0.0,0.0
2021-12-14 00:00:00+09:00,345.0508396314538,349.01694123641306,340.09321262525475,342.0762634277344,96100,0.0,0.0
2021-12-15 00:00:00+09:00,343.06779011134995,354.9660949707031,343.06779011134995,354.9660949707031,116400,0.0,0.0
2021-12-16 00:00:00+09:00,353.9745709649448,360.91524882700253,341.0847406496947,345.05084228515625,104500,0.0,0.0
2021-12-17 00:00:00+09:00,342.0762634277344,345.0508396314538,337.1186364215353,342.0762634277344,101700,0.0,0.0
2021-12-20 00:00:00+09:00,340.09320564504054,340.09320564504054,319.27117264636456,323.2372741699219,256900,0.0,0.0
2021-12-21 00:00:00+09:00,317.2881335746951,330.17796400116714,313.32203190501144,325.2203369140625,215700,0.0,0.0
2021-12-22 00:00:00+09:00,324.2288100564268,336.12711501262595,323.23728464341025,335.1355895996094,108400,0.0,0.0
2021-12-23 00:00:00+09:00,333.1525322094298,339.1016845703125,333.1525322094298,339.1016845703125,70200,0.0,0.0
2021-12-24 00:00:00+09:00,337.1186404256426,342.07626749072557,332.1610133605596,335.1355895996094,88100,0.0,0.0
2021-12-27 00:00:00+09:00,335.1355815296115,335.1355815296115,319.2711753033577,326.21185302734375,148400,0.0,0.0
2021-12-28 00:00:00+09:00,322.2457514707803,330.1779545839072,321.25422608163944,326.21185302734375,179400,0.0,0.0
2021-12-29 00:00:00+09:00,326.21185700789744,346.0423650326936,326.21185700789744,342.0762634277344,112700,0.0,0.0
2021-12-30 00:00:00+09:00,339.1016989936059,348.02542791449025,338.11017355795207,344.059326171875,57600,0.0,0.0
2022-01-04 00:00:00+09:00,345.05083028980766,351.9915079105796,337.1186272946396,343.0677795410156,85100,0.0,0.0
2022-01-05 00:00:00+09:00,339.10170323988973,342.07627958409927,330.17797420726106,337.11865234375,109700,0.0,0.0
2022-01-06 00:00:00+09:00,332.1610269257517,332.1610269257517,322.2457723906546,327.2033996582031,111000,0.0,0.0
2022-01-07 00:00:00+09:00,326.2118475474071,329.1864236648607,315.3050684500774,320.2626953125,131800,0.0,0.0
2022-01-11 00:00:00+09:00,314.3135681152344,319.27119537257244,311.3389917608315,314.3135681152344,118200,0.0,0.0
2022-01-12 00:00:00+09:00,316.2966003417969,322.2457526993228,314.31354955595486,316.2966003417969,84600,0.0,0.0
2022-01-13 00:00:00+09:00,313.3220419632761,318.2796692095305,301.4237365722656,301.4237365722656,142800,0.0,0.0
2022-01-14 00:00:00+09:00,298.4491354665449,311.3389652375252,293.49150863155245,307.37286376953125,209900,0.0,0.0
2022-01-17 00:00:00+09:00,306.3813516983133,311.33897874844786,296.4660975980443,299.440673828125,93900,0.0,0.0
2022-01-18 00:00:00+09:00,296.46608571370444,302.41523793538414,293.4915096028646,297.4576110839844,75000,0.0,0.0
2022-01-19 00:00:00+09:00,295.4745805528429,301.4237331814236,282.58474985758465,285.559326171875,191000,0.0,0.0
2022-01-20 00:00:00+09:00,277.62712107408765,296.46610428982933,277.62712107408765,295.4745788574219,191300,0.0,0.0
2022-01-21 00:00:00+09:00,283.57626219053526,294.48304150555583,283.57626219053526,293.49151611328125,71400,0.0,0.0
2022-01-24 00:00:00+09:00,289.52541972785593,302.4152500582057,287.54236890780214,299.440673828125,180000,0.0,0.0
2022-01-25 00:00:00+09:00,297.45762601811833,299.4406768582391,279.61016845703125,279.61016845703125,99600,0.0,0.0
2022-01-26 00:00:00+09:00,279.6101760077722,290.51695592296903,279.6101760077722,288.5339050292969,69700,0.0,0.0
2022-01-27 00:00:00+09:00,285.5593252840909,290.5169524591619,267.7118674538352,272.66949462890625,157800,0.0,0.0
2022-01-28 00:00:00+09:00,264.7372886433321,278.6186446021585,263.74576321770166,269.6949157714844,138700,0.0,0.0
2022-01-31 00:00:00+09:00,277.62710983688766,293.49151611328125,273.66100826778927,293.49151611328125,124200,0.0,0.0
2022-02-01 00:00:00+09:00,297.45763661910075,304.3983148068798,290.51695843132177,291.50848388671875,75200,0.0,0.0
2022-02-02 00:00:00+09:00,291.5084705479098,304.39830087825953,291.5084705479098,299.440673828125,47400,0.0,0.0
2022-02-03 00:00:00+09:00,299.4406875298948,303.40678935148276,290.51695843132177,291.50848388671875,51400,0.0,0.0
2022-02-04 00:00:00+09:00,286.55083971733416,306.38134765625,282.584738129551,306.38134765625,215800,0.0,0.0
2022-02-07 00:00:00+09:00,299.4406849444936,302.41526128500186,287.5423795824608,288.5339050292969,149400,0.0,0.0
2022-02-08 00:00:00+09:00,288.53390752052775,295.47458570830673,288.53390752052775,291.50848388671875,44000,0.0,0.0
2022-02-09 00:00:00+09:00,289.52541972785593,300.4321992381519,289.52541972785593,299.440673828125,83900,0.0,0.0
2022-02-10 00:00:00+09:00,298.4491336706913,303.4067604758523,294.4830322265625,294.4830322265625,55700,0.0,0.0
2022-02-14 00:00:00+09:00,288.53389723757476,289.5254226576352,277.6271176169104,279.61016845703125,114300,0.0,0.0
2022-02-15 00:00:00+09:00,281.59320995748675,288.5338876677065,279.61015918313825,280.6016845703125,72800,0.0,0.0
2022-02-16 00:00:00+09:00,287.5423573811849,298.4491364542643,286.55083201090497,297.4576110839844,98200,0.0,0.0
2022-02-17 00:00:00+09:00,292.5000025601995,302.4152568842741,292.5000025601995,295.4745788574219,81600,0.0,0.0
2022-02-18 00:00:00+09:00,290.51693078243375,297.4576083096591,287.5423546993371,294.4830322265625,48100,0.0,0.0
2022-02-21 00:00:00+09:00,286.55084228515625,289.52541850264925,278.6186390385083,286.55084228515625,62100,0.0,0.0
2022-02-22 00:00:00+09:00,278.61862735548914,291.50845709079647,277.6271019912348,284.5677795410156,67200,0.0,0.0
2022-02-24 00:00:00+09:00,287.54236635954487,287.54236635954487,268.70338373598844,273.6610107421875,130100,0.0,0.0
2022-02-25 00:00:00+09:00,272.6694890897568,294.48304821693733,272.6694890897568,289.5254211425781,106700,0.0,0.0
2022-02-28 00:00:00+09:00,294.48304057483614,327.2033784164846,294.48304057483614,326.21185302734375,372500,0.0,0.0
2022-03-01 00:00:00+09:00,297.4576266306751,318.2796604948224,297.4576266306751,315.3050842285156,315600,0.0,0.0
2022-03-02 00:00:00+09:00,307.3728757026868,320.2627059740898,304.39829948620917,309.3559265136719,124200,0.0,0.0
2022-03-03 00:00:00+09:00,311.33898507471764,319.27118851611175,308.3644087841949,318.2796630859375,92400,0.0,0.0
2022-03-04 00:00:00+09:00,321.25424285584506,321.25424285584506,297.45763227393064,298.44915771484375,185000,0.0,0.0
2022-03-07 00:00:00+09:00,288.53390752052775,296.4661111637038,282.58475478814574,291.50848388671875,97100,0.0,0.0
2022-03-08 00:00:00+09:00,290.51693451980066,301.42371363146555,282.5847315294989,287.5423583984375,108600,0.0,0.0
2022-03-09 00:00:00+09:00,287.54236890780214,309.35592792839407,287.54236890780214,299.440673828125,215900,0.0,0.0
2022-03-10 00:00:00+09:00,307.37288926777086,311.33899106477435,299.4406856737639,301.4237365722656,79300,0.0,0.0
2022-03-11 00:00:00+09:00,293.49152002579126,311.338977324657,287.54236759283606,309.3559265136719,289900,0.0,0.0
2022-03-14 00:00:00+09:00,307.37287180550794,325.2203288780858,307.37287180550794,316.2966003417969,238700,0.0,0.0
2022-03-15 00:00:00+09:00,326.21187241498166,340.0932286879596,319.27119427849266,337.11865234375,316500,0.0,0.0
2022-03-16 00:00:00+09:00,341.08473264080936,357.94066419573306,333.15252955613937,336.1271057128906,329200,0.0,0.0
2022-03-17 00:00:00+09:00,342.07625243040894,342.07625243040894,325.22032115122937,330.1779479980469,187600,0.0,0.0
2022-03-18 00:00:00+09:00,327.2033985343263,351.00000933682276,327.2033985343263,350.00848388671875,173200,0.0,0.0
2022-03-22 00:00:00+09:00,350.0084805361241,351.00000597673636,331.1694971644914,334.1440734863281,176400,0.0,0.0
2022-03-23 00:00:00+09:00,351.99151342565364,360.9152419350364,347.03388647599655,349.0169372558594,219700,0.0,0.0
2022-03-24 00:00:00+09:00,345.0508292551791,353.97455759798544,340.0932023980644,352.9830322265625,101000,0.0,0.0
2022-03-25 00:00:00+09:00,354.96610270404034,363.88983154296875,353.97457727749276,363.88983154296875,146700,0.0,0.0
2022-03-28 00:00:00+09:00,363.88982780434804,363.88982780434804,345.0508448934963,348.0254211425781,149900,0.0,0.0
2022-03-29 00:00:00+09:00,346.04236249531783,361.9067687988281,346.04236249531783,361.9067687988281,86100,0.0,0.0
2022-03-30 00:00:00+09:00,357.9406607609777,365.87286376953125,355.9576100088393,365.87286376953125,76000,0.0,0.0
2022-03-31 00:00:00+09:00,365.87287176223026,377.7711765349857,365.87287176223026,374.7966003417969,119900,0.0,0.0
2022-04-01 00:00:00+09:00,354.9661048018692,356.94915566668413,295.4745788574219,295.4745788574219,851200,0.0,0.0
2022-04-04 00:00:00+09:00,235.9830467946245,243.91525004822532,218.13558947402265,240.940673828125,2425200,0.0,0.0
2022-04-05 00:00:00+09:00,248.87286561908144,262.7542206735322,239.94913736979169,261.7626953125,1168000,0.0,0.0
2022-04-06 00:00:00+09:00,254.82203338505218,259.77966049371076,250.8559316981253,256.8050842285156,401400,0.0,0.0
2022-04-07 00:00:00+09:00,256.8050876127607,260.7711893519539,250.85593500397087,254.82203674316406,224900,0.0,0.0
2022-04-08 00:00:00+09:00,258.7881358589713,258.7881358589713,240.940678213525,251.8474578857422,224300,0.0,0.0
2022-04-11 00:00:00+09:00,250.8559232225605,261.7627024931066,246.88982166963464,252.83897399902344,284200,0.0,0.0
2022-04-12 00:00:00+09:00,251.8474552716867,253.8305061005976,246.88982819940938,248.8728790283203,115300,0.0,0.0
2022-04-13 00:00:00+09:00,249.86440046443496,256.8050782551137,248.87287506576658,255.8135528564453,111300,0.0,0.0
2022-04-14 00:00:00+09:00,256.80507892111075,256.80507892111075,247.88135030995247,250.85592651367188,196600,0.0,0.0
2022-04-15 00:00:00+09:00,255.8135528564453,266.7203322417976,241.93219727508782,255.8135528564453,555700,0.0,0.0
2022-04-18 00:00:00+09:00,257.7966070175171,257.7966070175171,250.85592913627625,253.83050537109375,108000,0.0,0.0
2022-04-19 00:00:00+09:00,254.82204084254022,267.7118717022796,254.82204084254022,265.72882080078125,253500,0.0,0.0
2022-04-20 00:00:00+09:00,265.7288061801925,267.711856972582,257.7966030106345,260.77117919921875,110100,0.0,0.0
2022-04-21 00:00:00+09:00,264.7372780433068,264.7372780433068,255.8135495699369,257.7966003417969,99200,0.0,0.0
2022-04-22 00:00:00+09:00,254.82203674316406,256.8050876127607,249.86440956917255,254.82203674316406,146500,0.0,0.0
2022-04-25 00:00:00+09:00,249.86440703624814,257.79661043422425,249.86440703624814,251.8474578857422,160100,0.0,0.0
2022-04-26 00:00:00+09:00,256.80508582180283,256.80508582180283,245.89830611508532,246.88983154296875,115900,0.0,0.0
2022-04-27 00:00:00+09:00,243.91525268554688,245.8983035203887,238.95762559844226,243.91525268554688,75900,0.0,0.0
2022-04-28 00:00:00+09:00,241.93219322015432,244.90676936630376,239.9491424560547,239.9491424560547,75100,0.0,0.0
2022-05-02 00:00:00+09:00,241.93219592036033,246.8898228859415,239.9491451341279,242.92372131347656,60700,0.0,0.0
2022-05-06 00:00:00+09:00,242.9237246415252,244.90677545492542,238.95762301472482,240.940673828125,58500,0.0,0.0
2022-05-09 00:00:00+09:00,240.94067181526347,242.9237226120969,233.0084686279297,233.0084686279297,98700,0.0,0.0
2022-05-10 00:00:00+09:00,232.01693995994856,234.99151611328125,227.05931303772743,234.99151611328125,76900,0.0,0.0
2022-05-11 00:00:00+09:00,234.99151878356932,239.94914576212562,233.0084679921468,237.96609497070312,62800,0.0,0.0
2022-05-12 00:00:00+09:00,235.98304209215888,237.96609286604257,228.05083899662412,230.0338897705078,76400,0.0,0.0
2022-05-13 00:00:00+09:00,231.02541783109623,238.95762101843002,231.02541783109623,233.0084686279297,85900,0.0,0.0
2022-05-16 00:00:00+09:00,233.99999016375583,242.92371860220413,233.99999016375583,239.9491424560547,45600,0.0,0.0
2022-05-17 00:00:00+09:00,239.9491424560547,241.93219322015432,233.99999016375583,239.9491424560547,49400,0.0,0.0
2022-05-18 00:00:00+09:00,241.93220185070504,245.8983035203887,239.94915101586318,243.91525268554688,43900,0.0,0.0
2022-05-19 00:00:00+09:00,241.9322044035517,248.87288239873556,238.95762811990147,246.88983154296875,99700,0.0,0.0
2022-05-20 00:00:00+09:00,243.91524801051364,244.90677340893035,232.01694322951295,233.0084686279297,148700,0.0,0.0
2022-05-23 00:00:00+09:00,236.97457885742188,240.9406805956214,233.00847711922233,236.97457885742188,70300,0.0,0.0
2022-05-24 00:00:00+09:00,236.97457791218716,237.96610334278208,223.0932218838582,224.08474731445312,160000,0.0,0.0
2022-05-25 00:00:00+09:00,229.04237531428961,229.04237531428961,217.1440701031577,219.1271209716797,145800,0.0,0.0
2022-05-26 00:00:00+09:00,223.09322270872366,224.08474814298467,217.1440701031577,219.1271209716797,68000,0.0,0.0
2022-05-27 00:00:00+09:00,223.0932126486354,229.04236498593235,213.1779587531405,225.07626342773438,230700,0.0,0.0
2022-05-30 00:00:00+09:00,230.03388863555656,241.93219322015432,227.05931248940712,239.9491424560547,175500,0.0,0.0
2022-05-31 00:00:00+09:00,247.88135155699305,281.5932153687441,242.9237245258532,263.7457580566406,1731300,0.0,0.0
2022-06-01 00:00:00+09:00,275.6440693102385,283.57627274362665,261.7627133018092,282.5847473144531,789000,0.0,0.0
2022-06-02 00:00:00+09:00,277.6271010890152,298.4491336706913,275.64405036695075,294.4830322265625,684300,0.0,0.0
2022-06-03 00:00:00+09:00,292.4999947201422,297.4576217492971,281.5932152560013,286.55084228515625,399300,0.0,0.0
2022-06-06 00:00:00+09:00,291.5084598935884,291.5084598935884,279.61015540813577,287.5423583984375,275600,0.0,0.0
2022-06-07 00:00:00+09:00,280.6016807819235,294.4830360149515,279.61015540813577,287.5423583984375,203200,0.0,0.0
2022-06-08 00:00:00+09:00,290.51695902572783,315.3050954613701,290.51695902572783,304.3983154296875,640500,0.0,0.0
2022-06-09 00:00:00+09:00,296.46608842402793,303.40676607944,291.5084615273051,300.43218994140625,230600,0.0,0.0
2022-06-10 00:00:00+09:00,297.45763227393064,303.40678491940923,294.4830559511913,298.44915771484375,365100,0.0,0.0
2022-06-13 00:00:00+09:00,292.5000042385525,298.44915686713324,282.58474985758465,285.559326171875,287100,0.0,0.0
2022-06-14 00:00:00+09:00,279.61016184133246,285.5593142209353,273.66100946172963,283.5762634277344,259800,0.0,0.0
2022-06-15 00:00:00+09:00,287.54238142237546,287.54238142237546,275.6440759842082,278.61865234375,155600,0.0,0.0
2022-06-16 00:00:00+09:00,262.7542402215505,266.7203419607437,251.84746043876916,254.82203674316406,391600,0.0,0.0
2022-06-17 00:00:00+09:00,238.95762169879416,254.82202811863112,238.95762169879416,250.85592651367188,318600,0.0,0.0
2022-06-20 00:00:00+09:00,254.8220241840069,259.7796511136568,251.84744802621694,257.7966003417969,78500,0.0,0.0
2022-06-21 00:00:00+09:00,257.79659656996137,267.7118502841907,255.81354582711552,264.7372741699219,150300,0.0,0.0
2022-06-22 00:00:00+09:00,265.72880899562756,265.72880899562756,240.940673828125,240.940673828125,297000,0.0,0.0
2022-06-23 00:00:00+09:00,242.92373063134366,246.88983235593702,236.9745780444536,241.9322052001953,157800,0.0,0.0
2022-06-24 00:00:00+09:00,251.84745963293176,262.7542393808146,248.8728833380546,259.7796630859375,204300,0.0,0.0
2022-06-27 00:00:00+09:00,262.7542402215505,263.7457656563488,253.83051130836577,254.82203674316406,63600,0.0,0.0
2022-06-28 00:00:00+09:00,258.78814264553694,267.7118717022796,258.78814264553694,265.72882080078125,107900,0.0,0.0
2022-06-29 00:00:00+09:00,261.76270188551683,261.76270188551683,255.8135495699369,257.7966003417969,55300,0.0,0.0
2022-06-30 00:00:00+09:00,260.77118670846534,260.77118670846534,248.87288161150113,251.8474578857422,89200,0.0,0.0
2022-07-01 00:00:00+09:00,251.8474519149117,257.79660432235056,248.87287571119225,250.85592651367188,73300,0.0,0.0
2022-07-04 00:00:00+09:00,255.81355351987094,255.81355351987094,248.87287571119225,250.85592651367188,59200,0.0,0.0
2022-07-05 00:00:00+09:00,247.88135030995247,254.82202811863112,247.88135030995247,250.85592651367188,53500,0.0,0.0
2022-07-06 00:00:00+09:00,249.86440046443496,255.8135528564453,246.88982426842978,255.8135528564453,51300,0.0,0.0
2022-07-07 00:00:00+09:00,250.85592382812501,254.822025390625,246.889822265625,247.88134765625,73700,0.0,0.0
2022-07-08 00:00:00+09:00,254.82203674316406,260.7711893519539,249.86440956917255,254.82203674316406,103300,0.0,0.0
2022-07-11 00:00:00+09:00,257.7966003417969,257.7966003417969,249.86439725435696,257.7966003417969,76900,0.0,0.0
2022-07-12 00:00:00+09:00,254.82203438702754,281.59322087904985,249.86440725887525,269.6949157714844,155300,0.0,0.0
2022-07-13 00:00:00+09:00,277.627107275224,293.4915134052368,271.6779549764692,290.5169372558594,520500,0.0,0.0
2022-07-14 00:00:00+09:00,285.5593103402304,290.5169372558594,279.6101580414756,290.5169372558594,252800,0.0,0.0
2022-07-15 00:00:00+09:00,285.55930873325894,297.45761326381137,276.63558033534457,277.6271057128906,494000,0.0,0.0
2022-07-19 00:00:00+09:00,269.6949215394115,293.4915322634772,269.6949215394115,288.5339050292969,329200,0.0,0.0
2022-07-20 00:00:00+09:00,291.5084598935884,295.47456138873923,278.6186300343481,287.5423583984375,256900,0.0,0.0
2022-07-21 00:00:00+09:00,280.60169240873154,292.4999973871937,280.60169240873154,289.5254211425781,130300,0.0,0.0
2022-07-22 00:00:00+09:00,288.53390248616535,290.51695336235895,283.5762752956814,285.559326171875,128400,0.0,0.0
2022-07-25 00:00:00+09:00,282.5847315294989,292.4999852673761,281.59320615571124,287.5423583984375,81700,0.0,0.0
2022-07-26 00:00:00+09:00,284.5678007337782,291.50847880045575,282.58474985758465,285.559326171875,108100,0.0,0.0
2022-07-27 00:00:00+09:00,283.5762821251238,286.5508585110517,281.5932312011719,281.5932312011719,66300,0.0,0.0
2022-07-28 00:00:00+09:00,280.60169124261455,280.60169124261455,273.6610133673555,276.6355895996094,66700,0.0,0.0
2022-07-29 00:00:00+09:00,275.6440560800058,275.6440560800058,267.71185302734375,267.71185302734375,67400,0.0,0.0
2022-08-01 00:00:00+09:00,275.6440784293161,287.5423839730276,275.6440784293161,281.5932312011719,98200,0.0,0.0
2022-08-02 00:00:00+09:00,281.5932044294337,281.5932044294337,273.66100148775945,274.65252685546875,50000,0.0,0.0
2022-08-03 00:00:00+09:00,274.65254289963667,274.65254289963667,269.6949157714844,269.6949157714844,45900,0.0,0.0
2022-08-04 00:00:00+09:00,274.6525480421327,275.6440734863281,270.686446265351,275.6440734863281,24700,0.0,0.0
2022-08-05 00:00:00+09:00,272.669473355704,272.669473355704,268.70337192507554,271.6779479980469,17100,0.0,0.0
2022-08-08 00:00:00+09:00,271.6779735052763,271.6779735052763,257.79661719478776,265.72882080078125,174800,0.0,0.0
2022-08-09 00:00:00+09:00,263.7457606659503,268.7033877461373,262.7542352499129,266.7203369140625,46700,0.0,0.0
2022-08-10 00:00:00+09:00,271.67797091502064,271.67797091502064,261.76271650206365,262.7542419433594,27800,0.0,0.0
2022-08-12 00:00:00+09:00,262.7542352499129,268.7033877461373,262.7542352499129,266.7203369140625,21900,0.0,0.0
2022-08-15 00:00:00+09:00,266.720327645761,268.7033784089265,262.75422611943,267.71185302734375,40400,0.0,0.0
2022-08-16 00:00:00+09:00,265.7287985460853,274.65252685546875,265.7287985460853,274.65252685546875,39900,0.0,0.0
2022-08-17 00:00:00+09:00,271.6779735052763,271.6779735052763,264.73729535003207,265.72882080078125,67800,0.0,0.0
2022-08-18 00:00:00+09:00,266.72034625153043,266.72034625153043,262.7542444485337,265.72882080078125,69000,0.0,0.0
2022-08-19 00:00:00+09:00,261.76271394918894,263.74576481244037,252.83898506455748,259.7796630859375,155300,0.0,0.0
2022-08-22 00:00:00+09:00,257.79660501787737,257.79660501787737,244.90677476698352,245.89830017089844,173000,0.0,0.0
2022-08-23 00:00:00+09:00,242.92372802481117,248.87288054786777,237.96610092226402,238.95762634277344,158100,0.0,0.0
2022-08-24 00:00:00+09:00,238.95762972652165,242.92373146472116,235.983053422872,236.97457885742188,171600,0.0,0.0
2022-08-25 00:00:00+09:00,235.98305084745763,239.9491525423729,233.0084745762712,234.0,147000,0.0,0.0
2022-08-26 00:00:00+09:00,235.98304748535156,240.94067453336316,232.0169458469423,235.98304748535156,107700,0.0,0.0
2022-08-29 00:00:00+09:00,234.99152542372883,235.98305084745763,229.04237288135593,234.0,93600,0.0,0.0
2022-08-30 00:00:00+09:00,234.0,234.0,225.0,226.0,168100,2.0,0.0
2022-08-31 00:00:00+09:00,228.0,229.0,224.0,229.0,118200,0.0,0.0
2022-09-01 00:00:00+09:00,230.0,230.0,224.0,225.0,74600,0.0,0.0
2022-09-02 00:00:00+09:00,226.0,226.0,211.0,214.0,313400,0.0,0.0
2022-09-05 00:00:00+09:00,200.0,210.0,196.0,210.0,553900,0.0,0.0
2022-09-06 00:00:00+09:00,208.0,216.0,205.0,209.0,108400,0.0,0.0
2022-09-07 00:00:00+09:00,209.0,212.0,203.0,207.0,115100,0.0,0.0
2022-09-08 00:00:00+09:00,207.0,207.0,204.0,207.0,39400,0.0,0.0
2022-09-09 00:00:00+09:00,206.0,213.0,206.0,212.0,61100,0.0,0.0
2022-09-12 00:00:00+09:00,216.0,221.0,212.0,220.0,154900,0.0,0.0
2022-09-13 00:00:00+09:00,222.0,232.0,222.0,230.0,272700,0.0,0.0
2022-09-14 00:00:00+09:00,225.0,227.0,217.0,225.0,153200,0.0,0.0
2022-09-15 00:00:00+09:00,231.0,232.0,223.0,228.0,134800,0.0,0.0
2022-09-16 00:00:00+09:00,224.0,226.0,213.0,215.0,93500,0.0,0.0
2022-09-20 00:00:00+09:00,219.0,222.0,214.0,219.0,49700,0.0,0.0
2022-09-21 00:00:00+09:00,219.0,227.0,215.0,225.0,101500,0.0,0.0
2022-09-22 00:00:00+09:00,221.0,224.0,218.0,224.0,43900,0.0,0.0
2022-09-26 00:00:00+09:00,219.0,220.0,209.0,214.0,109100,0.0,0.0
2022-09-27 00:00:00+09:00,214.0,214.0,205.0,211.0,79800,0.0,0.0
2022-09-28 00:00:00+09:00,211.0,215.0,206.0,215.0,106700,0.0,0.0
2022-09-29 00:00:00+09:00,215.0,216.0,209.0,214.0,61100,0.0,0.0
2022-09-30 00:00:00+09:00,212.0,212.0,206.0,208.0,74900,0.0,0.0
2022-10-03 00:00:00+09:00,207.0,212.0,205.0,208.0,61500,0.0,0.0
2022-10-04 00:00:00+09:00,212.0,219.0,209.0,216.0,116900,0.0,0.0
2022-10-05 00:00:00+09:00,216.0,223.0,213.0,221.0,99300,0.0,0.0
2022-10-06 00:00:00+09:00,220.0,224.0,219.0,221.0,110200,0.0,0.0
2022-10-07 00:00:00+09:00,218.0,221.0,218.0,220.0,41300,0.0,0.0
2022-10-11 00:00:00+09:00,219.0,239.0,216.0,232.0,259700,0.0,0.0
2022-10-12 00:00:00+09:00,235.0,239.0,227.0,235.0,142100,0.0,0.0
2022-10-13 00:00:00+09:00,234.0,234.0,225.0,230.0,93300,0.0,0.0
2022-10-14 00:00:00+09:00,235.0,240.0,230.0,234.0,185500,0.0,0.0
2022-10-17 00:00:00+09:00,232.0,245.0,222.0,245.0,386900,0.0,0.0
2022-10-18 00:00:00+09:00,249.0,255.0,240.0,254.0,333000,0.0,0.0
2022-10-19 00:00:00+09:00,250.0,253.0,243.0,252.0,168300,0.0,0.0
2022-10-20 00:00:00+09:00,245.0,249.0,231.0,246.0,205100,0.0,0.0
2022-10-21 00:00:00+09:00,242.0,242.0,236.0,239.0,68900,0.0,0.0
2022-10-24 00:00:00+09:00,236.0,237.0,225.0,227.0,126300,0.0,0.0
2022-10-25 00:00:00+09:00,228.0,230.0,223.0,225.0,126100,0.0,0.0
2022-10-26 00:00:00+09:00,227.0,233.0,225.0,230.0,70400,0.0,0.0
2022-10-27 00:00:00+09:00,228.0,230.0,218.0,219.0,209800,0.0,0.0
2022-10-28 00:00:00+09:00,217.0,224.0,217.0,217.0,75100,0.0,0.0
2022-10-31 00:00:00+09:00,219.0,226.0,218.0,225.0,60900,0.0,0.0
2022-11-01 00:00:00+09:00,224.0,233.0,223.0,230.0,66600,0.0,0.0
2022-11-02 00:00:00+09:00,229.0,230.0,223.0,223.0,28100,0.0,0.0
2022-11-04 00:00:00+09:00,224.0,225.0,222.0,223.0,15700,0.0,0.0
2022-11-07 00:00:00+09:00,223.0,223.0,219.0,219.0,43700,0.0,0.0
2022-11-08 00:00:00+09:00,219.0,220.0,215.0,219.0,53400,0.0,0.0
2022-11-09 00:00:00+09:00,220.0,220.0,213.0,215.0,37500,0.0,0.0
2022-11-10 00:00:00+09:00,215.0,216.0,212.0,215.0,29300,0.0,0.0
2022-11-11 00:00:00+09:00,209.0,213.0,199.0,208.0,194000,0.0,0.0
2022-11-14 00:00:00+09:00,208.0,215.0,208.0,212.0,52500,0.0,0.0
2022-11-15 00:00:00+09:00,211.0,211.0,205.0,208.0,53900,0.0,0.0
2022-11-16 00:00:00+09:00,208.0,210.0,206.0,206.0,39100,0.0,0.0
2022-11-17 00:00:00+09:00,203.0,206.0,202.0,206.0,58500,0.0,0.0
2022-11-18 00:00:00+09:00,205.0,206.0,202.0,206.0,57300,0.0,0.0
2022-11-21 00:00:00+09:00,204.0,204.0,201.0,204.0,36600,0.0,0.0
2022-11-22 00:00:00+09:00,202.0,205.0,201.0,205.0,34800,0.0,0.0
2022-11-24 00:00:00+09:00,204.0,210.0,202.0,210.0,74500,0.0,0.0
2022-11-25 00:00:00+09:00,212.0,212.0,206.0,207.0,39800,0.0,0.0
2022-11-28 00:00:00+09:00,206.0,210.0,206.0,208.0,67500,0.0,0.0
2022-11-29 00:00:00+09:00,208.0,208.0,204.0,206.0,84900,0.0,0.0
2022-11-30 00:00:00+09:00,204.0,204.0,201.0,201.0,94800,0.0,0.0
2022-12-01 00:00:00+09:00,200.0,202.0,191.0,196.0,122000,0.0,0.0
2022-12-02 00:00:00+09:00,194.0,195.0,188.0,191.0,135800,0.0,0.0
2022-12-05 00:00:00+09:00,191.0,192.0,184.0,186.0,126000,0.0,0.0
2022-12-06 00:00:00+09:00,186.0,190.0,184.0,189.0,40200,0.0,0.0
2022-12-07 00:00:00+09:00,186.0,190.0,186.0,187.0,42100,0.0,0.0
2022-12-08 00:00:00+09:00,187.0,187.0,183.0,184.0,57800,0.0,0.0
2022-12-09 00:00:00+09:00,183.0,187.0,183.0,187.0,66500,0.0,0.0
2022-12-12 00:00:00+09:00,185.0,186.0,183.0,183.0,63100,0.0,0.0
2022-12-13 00:00:00+09:00,183.0,185.0,180.0,182.0,49200,0.0,0.0
2022-12-14 00:00:00+09:00,182.0,183.0,170.0,175.0,150700,0.0,0.0
2022-12-15 00:00:00+09:00,175.0,188.0,173.0,187.0,192500,0.0,0.0
2022-12-16 00:00:00+09:00,182.0,185.0,182.0,183.0,43100,0.0,0.0
2022-12-19 00:00:00+09:00,185.0,185.0,176.0,180.0,38900,0.0,0.0
2022-12-20 00:00:00+09:00,180.0,180.0,169.0,173.0,86300,0.0,0.0
2022-12-21 00:00:00+09:00,173.0,174.0,170.0,173.0,36800,0.0,0.0
2022-12-22 00:00:00+09:00,173.0,173.0,170.0,170.0,56900,0.0,0.0
2022-12-23 00:00:00+09:00,169.0,171.0,164.0,165.0,123600,0.0,0.0
2022-12-26 00:00:00+09:00,165.0,166.0,153.0,154.0,176500,0.0,0.0
2022-12-27 00:00:00+09:00,162.0,170.0,155.0,167.0,226200,0.0,0.0
2022-12-28 00:00:00+09:00,162.0,164.0,155.0,163.0,128800,0.0,0.0
2022-12-29 00:00:00+09:00,165.0,170.0,161.0,170.0,79900,0.0,0.0
2022-12-30 00:00:00+09:00,169.0,169.0,165.0,165.0,32100,0.0,0.0
2023-01-04 00:00:00+09:00,165.0,166.0,161.0,161.0,35100,0.0,0.0
2023-01-05 00:00:00+09:00,160.0,161.0,155.0,159.0,48800,0.0,0.0
2023-01-06 00:00:00+09:00,155.0,158.0,153.0,156.0,22100,0.0,0.0
2023-01-10 00:00:00+09:00,155.0,160.0,155.0,158.0,21700,0.0,0.0
2023-01-11 00:00:00+09:00,158.0,162.0,157.0,162.0,31000,0.0,0.0
2023-01-12 00:00:00+09:00,162.0,162.0,155.0,159.0,29800,0.0,0.0
2023-01-13 00:00:00+09:00,154.0,159.0,154.0,155.0,51900,0.0,0.0
2023-01-16 00:00:00+09:00,153.0,153.0,146.0,146.0,84300,0.0,0.0
2023-01-17 00:00:00+09:00,148.0,151.0,147.0,150.0,42400,0.0,0.0
2023-01-18 00:00:00+09:00,152.0,152.0,148.0,149.0,18300,0.0,0.0
2023-01-19 00:00:00+09:00,149.0,150.0,147.0,150.0,22400,0.0,0.0
2023-01-20 00:00:00+09:00,147.0,150.0,146.0,146.0,31700,0.0,0.0
2023-01-23 00:00:00+09:00,143.0,148.0,142.0,146.0,49200,0.0,0.0
2023-01-24 00:00:00+09:00,143.0,148.0,143.0,148.0,38600,0.0,0.0
2023-01-25 00:00:00+09:00,148.0,149.0,146.0,146.0,43700,0.0,0.0
2023-01-26 00:00:00+09:00,147.0,161.0,145.0,156.0,201200,0.0,0.0
2023-01-27 00:00:00+09:00,157.0,157.0,153.0,155.0,55400,0.0,0.0
2023-01-30 00:00:00+09:00,158.0,203.0,157.0,177.0,2865400,0.0,0.0
2023-01-31 00:00:00+09:00,172.0,186.0,168.0,184.0,659000,0.0,0.0
2023-02-01 00:00:00+09:00,186.0,188.0,177.0,186.0,260100,0.0,0.0
2023-02-02 00:00:00+09:00,184.0,193.0,183.0,183.0,161000,0.0,0.0
2023-02-03 00:00:00+09:00,186.0,186.0,178.0,179.0,124200,0.0,0.0
2023-02-06 00:00:00+09:00,176.0,184.0,176.0,180.0,50600,0.0,0.0
2023-02-07 00:00:00+09:00,183.0,183.0,180.0,181.0,24700,0.0,0.0
2023-02-08 00:00:00+09:00,179.0,189.0,179.0,185.0,68700,0.0,0.0
2023-02-09 00:00:00+09:00,185.0,190.0,183.0,189.0,73700,0.0,0.0
2023-02-10 00:00:00+09:00,191.0,191.0,183.0,189.0,92300,0.0,0.0
2023-02-13 00:00:00+09:00,190.0,232.0,190.0,216.0,1266800,0.0,0.0
2023-02-14 00:00:00+09:00,214.0,232.0,211.0,229.0,517800,0.0,0.0
2023-02-15 00:00:00+09:00,221.0,227.0,209.0,215.0,265900,0.0,0.0
2023-02-16 00:00:00+09:00,219.0,227.0,216.0,219.0,176700,0.0,0.0
2023-02-17 00:00:00+09:00,214.0,221.0,212.0,219.0,96200,0.0,0.0
2023-02-20 00:00:00+09:00,219.0,225.0,213.0,216.0,105200,0.0,0.0
2023-02-21 00:00:00+09:00,215.0,216.0,208.0,210.0,87600,0.0,0.0
2023-02-22 00:00:00+09:00,210.0,221.0,209.0,216.0,129200,0.0,0.0
2023-02-24 00:00:00+09:00,215.0,215.0,202.0,207.0,120900,0.0,0.0
2023-02-27 00:00:00+09:00,202.0,225.0,202.0,207.0,125800,0.0,0.0
2023-02-28 00:00:00+09:00,208.0,211.0,206.0,207.0,38000,0.0,0.0
2023-03-01 00:00:00+09:00,207.0,210.0,197.0,201.0,86900,0.0,0.0
2023-03-02 00:00:00+09:00,201.0,201.0,190.0,191.0,232200,0.0,0.0
2023-03-03 00:00:00+09:00,195.0,199.0,192.0,194.0,37800,0.0,0.0
2023-03-06 00:00:00+09:00,193.0,199.0,191.0,199.0,39200,0.0,0.0
2023-03-07 00:00:00+09:00,199.0,199.0,193.0,194.0,64100,0.0,0.0
2023-03-08 00:00:00+09:00,194.0,198.0,194.0,195.0,33300,0.0,0.0
2023-03-09 00:00:00+09:00,193.0,198.0,185.0,185.0,133300,0.0,0.0
2023-03-10 00:00:00+09:00,185.0,187.0,181.0,184.0,108400,0.0,0.0
2023-03-13 00:00:00+09:00,180.0,182.0,172.0,175.0,100500,0.0,0.0
2023-03-14 00:00:00+09:00,174.0,175.0,168.0,169.0,102300,0.0,0.0
2023-03-15 00:00:00+09:00,171.0,176.0,167.0,174.0,75000,0.0,0.0
2023-03-16 00:00:00+09:00,172.0,172.0,166.0,170.0,33000,0.0,0.0
2023-03-17 00:00:00+09:00,171.0,175.0,171.0,175.0,41000,0.0,0.0
2023-03-20 00:00:00+09:00,172.0,174.0,170.0,172.0,38400,0.0,0.0
2023-03-22 00:00:00+09:00,172.0,176.0,170.0,173.0,26500,0.0,0.0
2023-03-23 00:00:00+09:00,173.0,175.0,172.0,173.0,16200,0.0,0.0
2023-03-24 00:00:00+09:00,176.0,176.0,172.0,175.0,23200,0.0,0.0
2023-03-27 00:00:00+09:00,173.0,180.0,173.0,180.0,52900,0.0,0.0
2023-03-28 00:00:00+09:00,177.0,180.0,173.0,178.0,83000,0.0,0.0
2023-03-29 00:00:00+09:00,178.0,212.0,178.0,200.0,651300,0.0,0.0
2023-03-30 00:00:00+09:00,193.0,207.0,191.0,199.0,267100,0.0,0.0
2023-03-31 00:00:00+09:00,199.0,200.0,190.0,191.0,94700,0.0,0.0
2023-04-03 00:00:00+09:00,187.0,191.0,181.0,190.0,88600,0.0,0.0
2023-04-04 00:00:00+09:00,187.0,198.0,187.0,193.0,54700,0.0,0.0
2023-04-05 00:00:00+09:00,194.0,194.0,189.0,189.0,27400,0.0,0.0
2023-04-06 00:00:00+09:00,189.0,190.0,187.0,189.0,15600,0.0,0.0
2023-04-07 00:00:00+09:00,190.0,198.0,190.0,190.0,35400,0.0,0.0
2023-04-10 00:00:00+09:00,194.0,195.0,192.0,192.0,19300,0.0,0.0
2023-04-11 00:00:00+09:00,195.0,195.0,190.0,191.0,14900,0.0,0.0
2023-04-12 00:00:00+09:00,195.0,195.0,191.0,192.0,24800,0.0,0.0
2023-04-13 00:00:00+09:00,191.0,195.0,191.0,193.0,36300,0.0,0.0
2023-04-14 00:00:00+09:00,194.0,194.0,187.0,188.0,51000,0.0,0.0
2023-04-17 00:00:00+09:00,185.0,185.0,164.0,178.0,199200,0.0,0.0
2023-04-18 00:00:00+09:00,183.0,183.0,174.0,174.0,32700,0.0,0.0
2023-04-19 00:00:00+09:00,172.0,176.0,172.0,172.0,47900,0.0,0.0
2023-04-20 00:00:00+09:00,174.0,179.0,170.0,175.0,36300,0.0,0.0
2023-04-21 00:00:00+09:00,174.0,177.0,170.0,170.0,38900,0.0,0.0
2023-04-24 00:00:00+09:00,172.0,175.0,171.0,173.0,13900,0.0,0.0
2023-04-25 00:00:00+09:00,173.0,174.0,170.0,173.0,23000,0.0,0.0
2023-04-26 00:00:00+09:00,170.0,173.0,170.0,172.0,14400,0.0,0.0
2023-04-27 00:00:00+09:00,171.0,172.0,169.0,171.0,61000,0.0,0.0
2023-04-28 00:00:00+09:00,171.0,175.0,171.0,171.0,25600,0.0,0.0
2023-05-01 00:00:00+09:00,173.0,177.0,170.0,176.0,61300,0.0,0.0
2023-05-02 00:00:00+09:00,175.0,222.0,175.0,200.0,2264800,0.0,0.0
2023-05-08 00:00:00+09:00,205.0,207.0,191.0,205.0,380500,0.0,0.0
2023-05-09 00:00:00+09:00,206.0,206.0,193.0,195.0,251000,0.0,0.0
2023-05-10 00:00:00+09:00,198.0,233.0,198.0,210.0,1127600,0.0,0.0
2023-05-11 00:00:00+09:00,218.0,219.0,202.0,202.0,284600,0.0,0.0
2023-05-12 00:00:00+09:00,200.0,209.0,199.0,203.0,105900,0.0,0.0
2023-05-15 00:00:00+09:00,197.0,208.0,196.0,200.0,62700,0.0,0.0
2023-05-16 00:00:00+09:00,201.0,204.0,198.0,204.0,80400,0.0,0.0
2023-05-17 00:00:00+09:00,219.0,236.0,212.0,216.0,1043900,0.0,0.0
2023-05-18 00:00:00+09:00,211.0,235.0,211.0,231.0,465000,0.0,0.0
2023-05-19 00:00:00+09:00,231.0,234.0,224.0,224.0,227700,0.0,0.0
2023-05-22 00:00:00+09:00,247.0,268.0,226.0,231.0,2262500,0.0,0.0
2023-05-23 00:00:00+09:00,229.0,232.0,212.0,214.0,529200,0.0,0.0
2023-05-24 00:00:00+09:00,218.0,224.0,215.0,215.0,200200,0.0,0.0
2023-05-25 00:00:00+09:00,215.0,235.0,214.0,229.0,321100,0.0,0.0
2023-05-26 00:00:00+09:00,229.0,229.0,223.0,227.0,136700,0.0,0.0
2023-05-29 00:00:00+09:00,225.0,225.0,210.0,211.0,261700,0.0,0.0
2023-05-30 00:00:00+09:00,212.0,214.0,205.0,214.0,187100,0.0,0.0
2023-05-31 00:00:00+09:00,213.0,213.0,203.0,203.0,135300,0.0,0.0
2023-06-01 00:00:00+09:00,203.0,205.0,200.0,202.0,101600,0.0,0.0
2023-06-02 00:00:00+09:00,201.0,202.0,195.0,200.0,120200,0.0,0.0
2023-06-05 00:00:00+09:00,200.0,205.0,200.0,201.0,59200,0.0,0.0
2023-06-06 00:00:00+09:00,200.0,202.0,198.0,200.0,75200,0.0,0.0
2023-06-07 00:00:00+09:00,200.0,203.0,199.0,200.0,68700,0.0,0.0
2023-06-08 00:00:00+09:00,199.0,209.0,198.0,206.0,134200,0.0,0.0
2023-06-09 00:00:00+09:00,204.0,208.0,198.0,199.0,141600,0.0,0.0
2023-06-12 00:00:00+09:00,199.0,200.0,197.0,198.0,118200,0.0,0.0
2023-06-13 00:00:00+09:00,199.0,200.0,197.0,198.0,38400,0.0,0.0
2023-06-14 00:00:00+09:00,198.0,198.0,194.0,196.0,77300,0.0,0.0
2023-06-15 00:00:00+09:00,196.0,198.0,194.0,195.0,37300,0.0,0.0
2023-06-16 00:00:00+09:00,195.0,205.0,195.0,203.0,129300,0.0,0.0
2023-06-19 00:00:00+09:00,198.0,203.0,198.0,201.0,103600,0.0,0.0
2023-06-20 00:00:00+09:00,200.0,206.0,200.0,204.0,74200,0.0,0.0
2023-06-21 00:00:00+09:00,206.0,222.0,205.0,217.0,459900,0.0,0.0
2023-06-22 00:00:00+09:00,216.0,217.0,207.0,209.0,118700,0.0,0.0
2023-06-23 00:00:00+09:00,210.0,219.0,205.0,206.0,95100,0.0,0.0
2023-06-26 00:00:00+09:00,206.0,210.0,200.0,208.0,81600,0.0,0.0
2023-06-27 00:00:00+09:00,208.0,208.0,200.0,202.0,76800,0.0,0.0
2023-06-28 00:00:00+09:00,202.0,204.0,200.0,204.0,38100,0.0,0.0
2023-06-29 00:00:00+09:00,205.0,205.0,200.0,202.0,58100,0.0,0.0
2023-06-30 00:00:00+09:00,203.0,203.0,199.0,199.0,74500,0.0,0.0
2023-07-03 00:00:00+09:00,198.0,203.0,197.0,201.0,86600,0.0,0.0
2023-07-04 00:00:00+09:00,200.0,202.0,197.0,201.0,26900,0.0,0.0
2023-07-05 00:00:00+09:00,200.0,202.0,198.0,201.0,33700,0.0,0.0
2023-07-06 00:00:00+09:00,200.0,201.0,194.0,194.0,103200,0.0,0.0
2023-07-07 00:00:00+09:00,194.0,198.0,194.0,195.0,29700,0.0,0.0
2023-07-10 00:00:00+09:00,195.0,196.0,192.0,192.0,37100,0.0,0.0
2023-07-11 00:00:00+09:00,193.0,195.0,191.0,193.0,43100,0.0,0.0
2023-07-12 00:00:00+09:00,192.0,194.0,190.0,191.0,42600,0.0,0.0
2023-07-13 00:00:00+09:00,193.0,196.0,190.0,190.0,59100,0.0,0.0
2023-07-14 00:00:00+09:00,194.0,194.0,184.0,186.0,78200,0.0,0.0
2023-07-18 00:00:00+09:00,183.0,190.0,179.0,188.0,53400,0.0,0.0
2023-07-19 00:00:00+09:00,188.0,193.0,186.0,193.0,21900,0.0,0.0
2023-07-20 00:00:00+09:00,193.0,197.0,193.0,194.0,45900,0.0,0.0
2023-07-21 00:00:00+09:00,195.0,195.0,191.0,192.0,20500,0.0,0.0
2023-07-24 00:00:00+09:00,192.0,197.0,192.0,194.0,25800,0.0,0.0
2023-07-25 00:00:00+09:00,196.0,196.0,192.0,192.0,13100,0.0,0.0
2023-07-26 00:00:00+09:00,190.0,205.0,190.0,195.0,132200,0.0,0.0
2023-07-27 00:00:00+09:00,194.0,197.0,193.0,195.0,23900,0.0,0.0
2023-07-28 00:00:00+09:00,191.0,200.0,190.0,191.0,48000,0.0,0.0
2023-07-31 00:00:00+09:00,191.0,200.0,191.0,194.0,37600,0.0,0.0
2023-08-01 00:00:00+09:00,193.0,194.0,188.0,189.0,29700,0.0,0.0
2023-08-02 00:00:00+09:00,189.0,191.0,186.0,186.0,48900,0.0,0.0
2023-08-03 00:00:00+09:00,186.0,187.0,185.0,186.0,29300,0.0,0.0
2023-08-04 00:00:00+09:00,188.0,188.0,179.0,182.0,64600,0.0,0.0
2023-08-07 00:00:00+09:00,179.0,179.0,175.0,178.0,42400,0.0,0.0
2023-08-08 00:00:00+09:00,178.0,181.0,175.0,179.0,25600,0.0,0.0
2023-08-09 00:00:00+09:00,179.0,180.0,176.0,176.0,40300,0.0,0.0
2023-08-10 00:00:00+09:00,176.0,182.0,174.0,180.0,81400,0.0,0.0
2023-08-14 00:00:00+09:00,179.0,182.0,176.0,178.0,43300,0.0,0.0
2023-08-15 00:00:00+09:00,178.0,178.0,171.0,172.0,84200,0.0,0.0
2023-08-16 00:00:00+09:00,173.0,173.0,164.0,165.0,72600,0.0,0.0
2023-08-17 00:00:00+09:00,165.0,165.0,150.0,151.0,252000,0.0,0.0
2023-08-18 00:00:00+09:00,154.0,182.0,154.0,166.0,987300,0.0,0.0
2023-08-21 00:00:00+09:00,165.0,166.0,153.0,163.0,238300,0.0,0.0
2023-08-22 00:00:00+09:00,162.0,164.0,158.0,159.0,66100,0.0,0.0
2023-08-23 00:00:00+09:00,157.0,161.0,155.0,159.0,47700,0.0,0.0
2023-08-24 00:00:00+09:00,160.0,172.0,160.0,168.0,133500,0.0,0.0
2023-08-25 00:00:00+09:00,173.0,175.0,164.0,165.0,104900,0.0,0.0
2023-08-28 00:00:00+09:00,166.0,169.0,163.0,164.0,49600,0.0,0.0
2023-08-29 00:00:00+09:00,172.0,176.0,165.0,176.0,89700,0.0,0.0
2023-08-30 00:00:00+09:00,172.0,172.0,166.0,167.0,90400,0.0,0.0
2023-08-31 00:00:00+09:00,167.0,169.0,163.0,164.0,47000,0.0,0.0
2023-09-01 00:00:00+09:00,164.0,170.0,163.0,165.0,53300,0.0,0.0
2023-09-04 00:00:00+09:00,168.0,168.0,165.0,166.0,17400,0.0,0.0
2023-09-05 00:00:00+09:00,166.0,169.0,164.0,166.0,23400,0.0,0.0
2023-09-06 00:00:00+09:00,166.0,168.0,162.0,166.0,25200,0.0,0.0
2023-09-07 00:00:00+09:00,157.0,162.0,155.0,162.0,125700,0.0,0.0
2023-09-08 00:00:00+09:00,160.0,160.0,156.0,158.0,71900,0.0,0.0
2023-09-11 00:00:00+09:00,158.0,159.0,151.0,152.0,93000,0.0,0.0
2023-09-12 00:00:00+09:00,153.0,156.0,151.0,155.0,31800,0.0,0.0
2023-09-13 00:00:00+09:00,156.0,160.0,156.0,159.0,45900,0.0,0.0
2023-09-14 00:00:00+09:00,159.0,159.0,154.0,155.0,50700,0.0,0.0
2023-09-15 00:00:00+09:00,155.0,157.0,155.0,155.0,20800,0.0,0.0
2023-09-19 00:00:00+09:00,156.0,158.0,156.0,156.0,25400,0.0,0.0
2023-09-20 00:00:00+09:00,156.0,159.0,156.0,157.0,49300,0.0,0.0
2023-09-21 00:00:00+09:00,157.0,160.0,155.0,155.0,42400,0.0,0.0
2023-09-22 00:00:00+09:00,155.0,159.0,155.0,158.0,22400,0.0,0.0
2023-09-25 00:00:00+09:00,158.0,159.0,156.0,157.0,15300,0.0,0.0
2023-09-26 00:00:00+09:00,157.0,158.0,156.0,156.0,9800,0.0,0.0
2023-09-27 00:00:00+09:00,156.0,158.0,155.0,156.0,29900,0.0,0.0
2023-09-28 00:00:00+09:00,156.0,157.0,155.0,156.0,26400,0.0,0.0
2023-09-29 00:00:00+09:00,156.0,156.0,153.0,154.0,43100,0.0,0.0
2023-10-02 00:00:00+09:00,154.0,155.0,152.0,154.0,31700,0.0,0.0
2023-10-03 00:00:00+09:00,154.0,154.0,149.0,149.0,55100,0.0,0.0
2023-10-04 00:00:00+09:00,147.0,152.0,145.0,147.0,60800,0.0,0.0
2023-10-05 00:00:00+09:00,150.0,150.0,143.0,147.0,28600,0.0,0.0
2023-10-06 00:00:00+09:00,145.0,148.0,144.0,145.0,15700,0.0,0.0
2023-10-10 00:00:00+09:00,145.0,147.0,145.0,147.0,18100,0.0,0.0
2023-10-11 00:00:00+09:00,147.0,153.0,147.0,153.0,21400,0.0,0.0
2023-10-12 00:00:00+09:00,153.0,155.0,151.0,154.0,21800,0.0,0.0
2023-10-13 00:00:00+09:00,153.0,156.0,153.0,154.0,24400,0.0,0.0
2023-10-16 00:00:00+09:00,151.0,152.0,149.0,149.0,36700,0.0,0.0
2023-10-17 00:00:00+09:00,147.0,151.0,147.0,150.0,42700,0.0,0.0
2023-10-18 00:00:00+09:00,147.0,150.0,147.0,149.0,21200,0.0,0.0
2023-10-19 00:00:00+09:00,146.0,149.0,146.0,147.0,31000,0.0,0.0
2023-10-20 00:00:00+09:00,147.0,147.0,144.0,145.0,23200,0.0,0.0
2023-10-23 00:00:00+09:00,145.0,146.0,143.0,143.0,28100,0.0,0.0
2023-10-24 00:00:00+09:00,142.0,142.0,138.0,141.0,62300,0.0,0.0
2023-10-25 00:00:00+09:00,139.0,143.0,138.0,143.0,17900,0.0,0.0
2023-10-26 00:00:00+09:00,142.0,144.0,142.0,143.0,28600,0.0,0.0
2023-10-27 00:00:00+09:00,142.0,145.0,142.0,144.0,18800,0.0,0.0
2023-10-30 00:00:00+09:00,142.0,146.0,142.0,143.0,15500,0.0,0.0
2023-10-31 00:00:00+09:00,143.0,148.0,143.0,146.0,34400,0.0,0.0
2023-11-01 00:00:00+09:00,145.0,149.0,145.0,147.0,20300,0.0,0.0
2023-11-02 00:00:00+09:00,147.0,155.0,147.0,150.0,39600,0.0,0.0
2023-11-06 00:00:00+09:00,150.0,157.0,148.0,156.0,79500,0.0,0.0
2023-11-07 00:00:00+09:00,153.0,158.0,150.0,156.0,49100,0.0,0.0
2023-11-08 00:00:00+09:00,156.0,156.0,149.0,150.0,53600,0.0,0.0
2023-11-09 00:00:00+09:00,149.0,149.0,146.0,148.0,30900,0.0,0.0
2023-11-10 00:00:00+09:00,146.0,148.0,146.0,148.0,24000,0.0,0.0
2023-11-13 00:00:00+09:00,149.0,149.0,145.0,147.0,16200,0.0,0.0
2023-11-14 00:00:00+09:00,146.0,150.0,144.0,144.0,36800,0.0,0.0
2023-11-15 00:00:00+09:00,143.0,145.0,143.0,145.0,25800,0.0,0.0
2023-11-16 00:00:00+09:00,143.0,146.0,142.0,145.0,17600,0.0,0.0
2023-11-17 00:00:00+09:00,144.0,146.0,141.0,146.0,21700,0.0,0.0
2023-11-20 00:00:00+09:00,146.0,146.0,142.0,145.0,31600,0.0,0.0
2023-11-21 00:00:00+09:00,145.0,147.0,144.0,145.0,31800,0.0,0.0
2023-11-22 00:00:00+09:00,145.0,150.0,145.0,148.0,63600,0.0,0.0
2023-11-24 00:00:00+09:00,147.0,198.0,147.0,175.0,772400,0.0,0.0
2023-11-27 00:00:00+09:00,170.0,181.0,158.0,160.0,568400,0.0,0.0
2023-11-28 00:00:00+09:00,159.0,162.0,154.0,159.0,158900,0.0,0.0
2023-11-29 00:00:00+09:00,161.0,176.0,157.0,163.0,381900,0.0,0.0
2023-11-30 00:00:00+09:00,163.0,163.0,158.0,159.0,51400,0.0,0.0
2023-12-01 00:00:00+09:00,159.0,162.0,157.0,161.0,53600,0.0,0.0
2023-12-04 00:00:00+09:00,162.0,163.0,157.0,159.0,41400,0.0,0.0
2023-12-05 00:00:00+09:00,158.0,160.0,156.0,156.0,40900,0.0,0.0
2023-12-06 00:00:00+09:00,155.0,157.0,155.0,156.0,41500,0.0,0.0
2023-12-07 00:00:00+09:00,156.0,156.0,153.0,153.0,28900,0.0,0.0
2023-12-08 00:00:00+09:00,153.0,154.0,150.0,154.0,22400,0.0,0.0
2023-12-11 00:00:00+09:00,154.0,154.0,151.0,152.0,10400,0.0,0.0
2023-12-12 00:00:00+09:00,151.0,152.0,145.0,145.0,55700,0.0,0.0
2023-12-13 00:00:00+09:00,146.0,149.0,144.0,144.0,23800,0.0,0.0
2023-12-14 00:00:00+09:00,145.0,145.0,141.0,141.0,33400,0.0,0.0
2023-12-15 00:00:00+09:00,140.0,144.0,140.0,140.0,65400,0.0,0.0
2023-12-18 00:00:00+09:00,141.0,183.0,138.0,152.0,1091200,0.0,0.0
2023-12-19 00:00:00+09:00,150.0,157.0,143.0,153.0,138600,0.0,0.0
2023-12-20 00:00:00+09:00,150.0,157.0,149.0,154.0,87300,0.0,0.0
2023-12-21 00:00:00+09:00,154.0,154.0,150.0,152.0,59400,0.0,0.0
2023-12-22 00:00:00+09:00,154.0,154.0,148.0,151.0,78100,0.0,0.0
2023-12-25 00:00:00+09:00,150.0,151.0,146.0,148.0,72200,0.0,0.0
2023-12-26 00:00:00+09:00,150.0,150.0,143.0,146.0,100600,0.0,0.0
2023-12-27 00:00:00+09:00,145.0,147.0,142.0,145.0,59900,0.0,0.0
2023-12-28 00:00:00+09:00,141.0,147.0,141.0,144.0,49800,0.0,0.0
2023-12-29 00:00:00+09:00,145.0,151.0,143.0,144.0,41300,0.0,0.0
2024-01-04 00:00:00+09:00,145.0,150.0,145.0,147.0,14900,0.0,0.0
2024-01-05 00:00:00+09:00,147.0,147.0,144.0,145.0,35500,0.0,0.0
2024-01-09 00:00:00+09:00,146.0,147.0,142.0,143.0,70200,0.0,0.0
2024-01-10 00:00:00+09:00,144.0,144.0,142.0,144.0,24700,0.0,0.0
2024-01-11 00:00:00+09:00,144.0,145.0,142.0,145.0,24400,0.0,0.0
2024-01-12 00:00:00+09:00,144.0,146.0,143.0,144.0,61200,0.0,0.0
2024-01-15 00:00:00+09:00,141.0,143.0,141.0,142.0,19800,0.0,0.0
2024-01-16 00:00:00+09:00,141.0,143.0,140.0,140.0,32900,0.0,0.0
2024-01-17 00:00:00+09:00,140.0,142.0,139.0,141.0,58800,0.0,0.0
2024-01-18 00:00:00+09:00,141.0,141.0,138.0,139.0,50100,0.0,0.0
2024-01-19 00:00:00+09:00,140.0,141.0,140.0,140.0,11900,0.0,0.0
2024-01-22 00:00:00+09:00,141.0,144.0,140.0,143.0,36300,0.0,0.0
2024-01-23 00:00:00+09:00,143.0,144.0,141.0,142.0,45700,0.0,0.0
2024-01-24 00:00:00+09:00,142.0,142.0,141.0,141.0,23000,0.0,0.0
2024-01-25 00:00:00+09:00,142.0,144.0,141.0,143.0,29800,0.0,0.0
2024-01-26 00:00:00+09:00,142.0,142.0,141.0,141.0,8000,0.0,0.0
2024-01-29 00:00:00+09:00,141.0,142.0,139.0,142.0,21900,0.0,0.0
2024-01-30 00:00:00+09:00,142.0,142.0,140.0,141.0,10200,0.0,0.0
2024-01-31 00:00:00+09:00,142.0,142.0,140.0,140.0,14800,0.0,0.0
2024-02-01 00:00:00+09:00,141.0,141.0,138.0,139.0,20300,0.0,0.0
2024-02-02 00:00:00+09:00,151.0,160.0,141.0,144.0,488600,0.0,0.0
2024-02-05 00:00:00+09:00,142.0,146.0,141.0,141.0,36700,0.0,0.0
2024-02-06 00:00:00+09:00,141.0,141.0,138.0,139.0,52300,0.0,0.0
2024-02-07 00:00:00+09:00,139.0,140.0,136.0,140.0,44000,0.0,0.0
2024-02-08 00:00:00+09:00,138.0,139.0,136.0,138.0,32700,0.0,0.0
2024-02-09 00:00:00+09:00,136.0,138.0,133.0,134.0,53500,0.0,0.0
2024-02-13 00:00:00+09:00,134.0,135.0,120.0,124.0,105600,0.0,0.0
2024-02-14 00:00:00+09:00,125.0,131.0,123.0,130.0,119800,0.0,0.0
2024-02-15 00:00:00+09:00,128.0,131.0,126.0,129.0,46800,0.0,0.0
2024-02-16 00:00:00+09:00,129.0,131.0,125.0,129.0,62500,0.0,0.0
2024-02-19 00:00:00+09:00,129.0,132.0,127.0,131.0,53500,0.0,0.0
2024-02-20 00:00:00+09:00,132.0,137.0,130.0,136.0,143800,0.0,0.0
2024-02-21 00:00:00+09:00,135.0,136.0,133.0,136.0,21600,0.0,0.0
2024-02-22 00:00:00+09:00,136.0,136.0,130.0,134.0,110600,0.0,0.0
2024-02-26 00:00:00+09:00,133.0,133.0,127.0,130.0,83000,0.0,0.0
2024-02-27 00:00:00+09:00,131.0,131.0,122.0,125.0,139600,0.0,0.0
2024-02-28 00:00:00+09:00,127.0,131.0,124.0,128.0,99700,0.0,0.0
2024-02-29 00:00:00+09:00,128.0,131.0,127.0,131.0,58900,0.0,0.0
2024-03-01 00:00:00+09:00,131.0,131.0,125.0,128.0,77000,0.0,0.0
2024-03-04 00:00:00+09:00,129.0,129.0,126.0,127.0,33600,0.0,0.0
2024-03-05 00:00:00+09:00,125.0,129.0,123.0,124.0,95900,0.0,0.0
2024-03-06 00:00:00+09:00,124.0,128.0,124.0,126.0,36000,0.0,0.0
2024-03-07 00:00:00+09:00,126.0,128.0,126.0,128.0,20700,0.0,0.0
2024-03-08 00:00:00+09:00,128.0,128.0,126.0,127.0,34600,0.0,0.0
2024-03-11 00:00:00+09:00,128.0,128.0,124.0,124.0,36400,0.0,0.0
2024-03-12 00:00:00+09:00,125.0,128.0,124.0,127.0,6700,0.0,0.0
2024-03-13 00:00:00+09:00,127.0,127.0,124.0,125.0,7800,0.0,0.0
2024-03-14 00:00:00+09:00,126.0,127.0,125.0,125.0,5500,0.0,0.0
2024-03-15 00:00:00+09:00,125.0,126.0,121.0,123.0,62200,0.0,0.0
2024-03-18 00:00:00+09:00,122.0,125.0,122.0,124.0,49200,0.0,0.0
2024-03-19 00:00:00+09:00,123.0,124.0,121.0,124.0,26200,0.0,0.0
2024-03-21 00:00:00+09:00,124.0,125.0,123.0,123.0,25100,0.0,0.0
2024-03-22 00:00:00+09:00,124.0,124.0,121.0,122.0,18200,0.0,0.0
2024-03-25 00:00:00+09:00,123.0,123.0,121.0,122.0,30500,0.0,0.0
2024-03-26 00:00:00+09:00,122.0,123.0,121.0,122.0,22300,0.0,0.0
2024-03-27 00:00:00+09:00,120.0,122.0,119.0,122.0,97400,0.0,0.0
2024-03-28 00:00:00+09:00,118.0,120.0,118.0,120.0,65600,0.0,0.0
2024-03-29 00:00:00+09:00,118.0,122.0,117.0,122.0,71600,0.0,0.0
2024-04-01 00:00:00+09:00,121.0,125.0,121.0,124.0,69200,0.0,0.0
2024-04-02 00:00:00+09:00,123.0,123.0,121.0,121.0,33800,0.0,0.0
2024-04-03 00:00:00+09:00,122.0,124.0,121.0,122.0,34600,0.0,0.0
2024-04-04 00:00:00+09:00,123.0,124.0,121.0,121.0,26300,0.0,0.0
2024-04-05 00:00:00+09:00,120.0,122.0,119.0,121.0,13400,0.0,0.0
2024-04-08 00:00:00+09:00,123.0,123.0,121.0,122.0,7600,0.0,0.0
2024-04-09 00:00:00+09:00,122.0,124.0,121.0,123.0,24300,0.0,0.0
2024-04-10 00:00:00+09:00,124.0,132.0,123.0,129.0,214400,0.0,0.0
2024-04-11 00:00:00+09:00,129.0,129.0,125.0,127.0,61400,0.0,0.0
2024-04-12 00:00:00+09:00,127.0,127.0,124.0,127.0,41200,0.0,0.0
2024-04-15 00:00:00+09:00,125.0,125.0,122.0,123.0,33300,0.0,0.0
2024-04-16 00:00:00+09:00,123.0,125.0,123.0,123.0,63100,0.0,0.0
2024-04-17 00:00:00+09:00,123.0,126.0,123.0,126.0,36400,0.0,0.0
2024-04-18 00:00:00+09:00,125.0,126.0,125.0,126.0,17000,0.0,0.0
2024-04-19 00:00:00+09:00,126.0,126.0,123.0,123.0,32300,0.0,0.0
2024-04-22 00:00:00+09:00,123.0,124.0,122.0,123.0,11700,0.0,0.0
2024-04-23 00:00:00+09:00,124.0,125.0,123.0,125.0,25000,0.0,0.0
2024-04-24 00:00:00+09:00,125.0,125.0,122.0,123.0,31700,0.0,0.0
2024-04-25 00:00:00+09:00,124.0,124.0,122.0,124.0,27600,0.0,0.0
2024-04-26 00:00:00+09:00,124.0,124.0,122.0,124.0,17300,0.0,0.0
2024-04-30 00:00:00+09:00,125.0,125.0,122.0,124.0,25700,0.0,0.0
2024-05-01 00:00:00+09:00,124.0,125.0,122.0,123.0,18400,0.0,0.0
2024-05-02 00:00:00+09:00,123.0,124.0,121.0,123.0,39200,0.0,0.0
2024-05-07 00:00:00+09:00,125.0,125.0,122.0,123.0,10200,0.0,0.0
2024-05-08 00:00:00+09:00,124.0,124.0,122.0,123.0,6500,0.0,0.0
2024-05-09 00:00:00+09:00,123.0,124.0,121.0,122.0,61300,0.0,0.0
2024-05-10 00:00:00+09:00,122.0,124.0,121.0,124.0,29300,0.0,0.0
2024-05-13 00:00:00+09:00,124.0,124.0,122.0,123.0,14500,0.0,0.0
2024-05-14 00:00:00+09:00,123.0,124.0,122.0,123.0,10500,0.0,0.0
2024-05-15 00:00:00+09:00,122.0,123.0,121.0,122.0,5300,0.0,0.0
2024-05-16 00:00:00+09:00,122.0,124.0,121.0,124.0,16900,0.0,0.0
2024-05-17 00:00:00+09:00,123.0,124.0,122.0,123.0,7800,0.0,0.0
2024-05-20 00:00:00+09:00,123.0,124.0,121.0,123.0,17100,0.0,0.0
2024-05-21 00:00:00+09:00,122.0,122.0,121.0,121.0,12500,0.0,0.0
2024-05-22 00:00:00+09:00,121.0,121.0,120.0,120.0,24200,0.0,0.0
2024-05-23 00:00:00+09:00,120.0,120.0,118.0,120.0,25200,0.0,0.0
2024-05-24 00:00:00+09:00,120.0,120.0,117.0,117.0,27600,0.0,0.0
2024-05-27 00:00:00+09:00,118.0,119.0,117.0,118.0,11300,0.0,0.0
2024-05-28 00:00:00+09:00,118.0,120.0,118.0,118.0,16000,0.0,0.0
2024-05-29 00:00:00+09:00,118.0,118.0,116.0,117.0,23100,0.0,0.0
2024-05-30 00:00:00+09:00,116.0,116.0,112.0,114.0,42200,0.0,0.0
2024-05-31 00:00:00+09:00,114.0,116.0,114.0,115.0,10400,0.0,0.0
2024-06-03 00:00:00+09:00,115.0,119.0,114.0,117.0,28600,0.0,0.0
2024-06-04 00:00:00+09:00,119.0,119.0,115.0,117.0,33200,0.0,0.0
2024-06-05 00:00:00+09:00,115.0,116.0,112.0,114.0,62600,0.0,0.0
2024-06-06 00:00:00+09:00,115.0,116.0,113.0,114.0,19000,0.0,0.0
2024-06-07 00:00:00+09:00,115.0,115.0,112.0,113.0,62800,0.0,0.0
2024-06-10 00:00:00+09:00,112.0,113.0,112.0,113.0,23200,0.0,0.0
2024-06-11 00:00:00+09:00,114.0,114.0,111.0,113.0,34000,0.0,0.0
2024-06-12 00:00:00+09:00,114.0,114.0,113.0,113.0,25700,0.0,0.0
2024-06-13 00:00:00+09:00,113.0,113.0,111.0,112.0,22900,0.0,0.0
2024-06-14 00:00:00+09:00,111.0,113.0,110.0,112.0,31500,0.0,0.0
2024-06-17 00:00:00+09:00,111.0,112.0,110.0,112.0,16800,0.0,0.0
2024-06-18 00:00:00+09:00,112.0,113.0,111.0,113.0,11500,0.0,0.0
2024-06-19 00:00:00+09:00,111.0,112.0,110.0,112.0,11600,0.0,0.0
2024-06-20 00:00:00+09:00,112.0,113.0,111.0,111.0,11800,0.0,0.0
2024-06-21 00:00:00+09:00,110.0,112.0,110.0,111.0,17600,0.0,0.0
2024-06-24 00:00:00+09:00,110.0,112.0,110.0,111.0,21300,0.0,0.0
2024-06-25 00:00:00+09:00,110.0,111.0,109.0,111.0,19800,0.0,0.0
2024-06-26 00:00:00+09:00,111.0,111.0,110.0,110.0,22100,0.0,0.0
2024-06-27 00:00:00+09:00,109.0,111.0,109.0,109.0,20800,0.0,0.0
2024-06-28 00:00:00+09:00,109.0,111.0,109.0,110.0,27700,0.0,0.0
2024-07-01 00:00:00+09:00,110.0,111.0,109.0,110.0,31400,0.0,0.0
2024-07-02 00:00:00+09:00,111.0,111.0,109.0,109.0,18700,0.0,0.0
2024-07-03 00:00:00+09:00,109.0,111.0,108.0,110.0,27800,0.0,0.0
2024-07-04 00:00:00+09:00,109.0,110.0,107.0,110.0,58900,0.0,0.0
2024-07-05 00:00:00+09:00,109.0,109.0,108.0,109.0,24500,0.0,0.0
2024-07-08 00:00:00+09:00,108.0,108.0,105.0,108.0,57800,0.0,0.0
2024-07-09 00:00:00+09:00,108.0,108.0,105.0,106.0,35300,0.0,0.0
2024-07-10 00:00:00+09:00,106.0,106.0,101.0,104.0,155800,0.0,0.0
2024-07-11 00:00:00+09:00,104.0,104.0,101.0,103.0,55700,0.0,0.0
2024-07-12 00:00:00+09:00,103.0,104.0,102.0,103.0,46100,0.0,0.0
2024-07-16 00:00:00+09:00,102.0,104.0,102.0,102.0,35500,0.0,0.0
2024-07-17 00:00:00+09:00,103.0,104.0,103.0,104.0,41900,0.0,0.0
2024-07-18 00:00:00+09:00,104.0,108.0,104.0,106.0,84100,0.0,0.0
2024-07-19 00:00:00+09:00,107.0,107.0,104.0,106.0,24600,0.0,0.0
2024-07-22 00:00:00+09:00,107.0,108.0,105.0,107.0,77700,0.0,0.0
2024-07-23 00:00:00+09:00,107.0,108.0,106.0,107.0,32500,0.0,0.0
2024-07-24 00:00:00+09:00,107.0,108.0,106.0,106.0,38300,0.0,0.0
2024-07-25 00:00:00+09:00,105.0,109.0,105.0,108.0,77100,0.0,0.0
2024-07-26 00:00:00+09:00,119.0,152.0,116.0,136.0,4133000,0.0,0.0
2024-07-29 00:00:00+09:00,133.0,160.0,125.0,142.0,1421900,0.0,0.0
2024-07-30 00:00:00+09:00,139.0,191.0,133.0,175.0,5683500,0.0,0.0
2024-07-31 00:00:00+09:00,176.0,190.0,152.0,162.0,2536400,0.0,0.0
2024-08-01 00:00:00+09:00,154.0,157.0,138.0,145.0,1001400,0.0,0.0
2024-08-02 00:00:00+09:00,142.0,175.0,131.0,149.0,2677000,0.0,0.0
2024-08-05 00:00:00+09:00,124.0,167.0,116.0,134.0,2237100,0.0,0.0
2024-08-06 00:00:00+09:00,144.0,151.0,128.0,130.0,808700,0.0,0.0
2024-08-07 00:00:00+09:00,127.0,137.0,120.0,123.0,388700,0.0,0.0
2024-08-08 00:00:00+09:00,124.0,130.0,120.0,128.0,371500,0.0,0.0
2024-08-09 00:00:00+09:00,130.0,133.0,121.0,123.0,312300,0.0,0.0
2024-08-13 00:00:00+09:00,128.0,140.0,122.0,135.0,362800,0.0,0.0
2024-08-14 00:00:00+09:00,132.0,148.0,131.0,141.0,516900,0.0,0.0
2024-08-15 00:00:00+09:00,138.0,138.0,131.0,132.0,239800,0.0,0.0
2024-08-16 00:00:00+09:00,134.0,138.0,134.0,135.0,210000,0.0,0.0
2024-08-19 00:00:00+09:00,135.0,135.0,126.0,127.0,318400,0.0,0.0
2024-08-20 00:00:00+09:00,130.0,133.0,129.0,129.0,90500,0.0,0.0
2024-08-21 00:00:00+09:00,130.0,130.0,127.0,129.0,59300,0.0,0.0
2024-08-22 00:00:00+09:00,129.0,131.0,126.0,129.0,109700,0.0,0.0
2024-08-23 00:00:00+09:00,128.0,129.0,126.0,128.0,90400,0.0,0.0
2024-08-26 00:00:00+09:00,127.0,128.0,125.0,127.0,76800,0.0,0.0
2024-08-27 00:00:00+09:00,127.0,171.0,126.0,145.0,3692900,0.0,0.0
2024-08-28 00:00:00+09:00,141.0,152.0,136.0,148.0,938000,0.0,0.0
2024-08-29 00:00:00+09:00,145.0,146.0,137.0,137.0,248500,0.0,0.0
2024-08-30 00:00:00+09:00,138.0,138.0,128.0,129.0,369600,0.0,0.0
2024-09-02 00:00:00+09:00,130.0,132.0,126.0,127.0,211900,0.0,0.0
2024-09-03 00:00:00+09:00,128.0,130.0,126.0,130.0,182300,0.0,0.0
2024-09-04 00:00:00+09:00,130.0,130.0,121.0,122.0,290500,0.0,0.0
2024-09-05 00:00:00+09:00,123.0,125.0,121.0,122.0,77300,0.0,0.0
2024-09-06 00:00:00+09:00,123.0,123.0,120.0,122.0,91300,0.0,0.0
2024-09-09 00:00:00+09:00,117.0,122.0,117.0,120.0,73900,0.0,0.0
2024-09-10 00:00:00+09:00,122.0,122.0,120.0,120.0,45600,0.0,0.0
2024-09-11 00:00:00+09:00,119.0,119.0,112.0,114.0,212200,0.0,0.0
2024-09-12 00:00:00+09:00,115.0,123.0,115.0,119.0,107600,0.0,0.0
2024-09-13 00:00:00+09:00,116.0,118.0,111.0,112.0,248000,0.0,0.0
2024-09-17 00:00:00+09:00,111.0,111.0,104.0,108.0,443700,0.0,0.0
2024-09-18 00:00:00+09:00,111.0,111.0,106.0,107.0,80500,0.0,0.0
2024-09-19 00:00:00+09:00,109.0,110.0,106.0,108.0,93000,0.0,0.0
2024-09-20 00:00:00+09:00,110.0,112.0,108.0,112.0,78300,0.0,0.0
2024-09-24 00:00:00+09:00,112.0,113.0,111.0,111.0,105200,0.0,0.0
2024-09-25 00:00:00+09:00,114.0,127.0,107.0,109.0,862300,0.0,0.0
2024-09-26 00:00:00+09:00,110.0,112.0,107.0,110.0,127200,0.0,0.0
2024-09-27 00:00:00+09:00,110.0,111.0,108.0,111.0,142200,0.0,0.0
2024-09-30 00:00:00+09:00,108.0,113.0,108.0,110.0,98700,0.0,0.0
2024-10-01 00:00:00+09:00,112.0,112.0,104.0,109.0,208700,0.0,0.0
2024-10-02 00:00:00+09:00,109.0,109.0,105.0,106.0,56000,0.0,0.0
2024-10-03 00:00:00+09:00,106.0,108.0,106.0,106.0,66500,0.0,0.0
2024-10-04 00:00:00+09:00,106.0,107.0,106.0,107.0,49300,0.0,0.0
2024-10-07 00:00:00+09:00,108.0,108.0,106.0,107.0,42200,0.0,0.0
2024-10-08 00:00:00+09:00,107.0,108.0,106.0,106.0,34300,0.0,0.0
2024-10-09 00:00:00+09:00,106.0,109.0,105.0,106.0,56500,0.0,0.0
2024-10-10 00:00:00+09:00,106.0,107.0,105.0,105.0,48100,0.0,0.0
2024-10-11 00:00:00+09:00,106.0,106.0,104.0,106.0,58300,0.0,0.0
2024-10-15 00:00:00+09:00,104.0,108.0,104.0,108.0,131000,0.0,0.0
2024-10-16 00:00:00+09:00,107.0,110.0,105.0,110.0,185900,0.0,0.0
2024-10-17 00:00:00+09:00,110.0,138.0,108.0,124.0,2629100,0.0,0.0
2024-10-18 00:00:00+09:00,121.0,121.0,115.0,115.0,457000,0.0,0.0
2024-10-21 00:00:00+09:00,118.0,128.0,114.0,118.0,725400,0.0,0.0
2024-10-22 00:00:00+09:00,120.0,120.0,115.0,118.0,119900,0.0,0.0
2024-10-23 00:00:00+09:00,119.0,119.0,115.0,118.0,74500,0.0,0.0
2024-10-24 00:00:00+09:00,116.0,118.0,115.0,118.0,73500,0.0,0.0
2024-10-25 00:00:00+09:00,117.0,117.0,114.0,117.0,97300,0.0,0.0
2024-10-28 00:00:00+09:00,117.0,117.0,106.0,107.0,578900,0.0,0.0
2024-10-29 00:00:00+09:00,107.0,107.0,104.0,105.0,282100,0.0,0.0
2024-10-30 00:00:00+09:00,105.0,107.0,105.0,105.0,84100,0.0,0.0
2024-10-31 00:00:00+09:00,106.0,107.0,105.0,107.0,44600,0.0,0.0
2024-11-01 00:00:00+09:00,107.0,108.0,105.0,107.0,45200,0.0,0.0
2024-11-05 00:00:00+09:00,106.0,107.0,104.0,105.0,62100,0.0,0.0
2024-11-06 00:00:00+09:00,105.0,107.0,103.0,107.0,75200,0.0,0.0
2024-11-07 00:00:00+09:00,107.0,108.0,105.0,106.0,80100,0.0,0.0
2024-11-08 00:00:00+09:00,106.0,109.0,106.0,108.0,31300,0.0,0.0
2024-11-11 00:00:00+09:00,108.0,109.0,100.0,105.0,207700,0.0,0.0
2024-11-12 00:00:00+09:00,104.0,116.0,104.0,116.0,361000,0.0,0.0
2024-11-13 00:00:00+09:00,112.0,114.0,108.0,108.0,146300,0.0,0.0
2024-11-14 00:00:00+09:00,108.0,110.0,106.0,108.0,121500,0.0,0.0
2024-11-15 00:00:00+09:00,108.0,110.0,107.0,110.0,31200,0.0,0.0
2024-11-18 00:00:00+09:00,108.0,112.0,108.0,111.0,57900,0.0,0.0
2024-11-19 00:00:00+09:00,113.0,113.0,110.0,112.0,43100,0.0,0.0
2024-11-20 00:00:00+09:00,112.0,122.0,111.0,116.0,361400,0.0,0.0
2024-11-21 00:00:00+09:00,118.0,122.0,117.0,118.0,182100,0.0,0.0
2024-11-22 00:00:00+09:00,119.0,120.0,116.0,116.0,84900,0.0,0.0
2024-11-25 00:00:00+09:00,115.0,118.0,113.0,114.0,76000,0.0,0.0
2024-11-26 00:00:00+09:00,114.0,115.0,110.0,112.0,55200,0.0,0.0
2024-11-27 00:00:00+09:00,111.0,113.0,110.0,112.0,60100,0.0,0.0
2024-11-28 00:00:00+09:00,110.0,113.0,110.0,111.0,34600,0.0,0.0
2024-11-29 00:00:00+09:00,112.0,121.0,110.0,113.0,201600,0.0,0.0
2024-12-02 00:00:00+09:00,117.0,140.0,117.0,124.0,1891200,0.0,0.0
2024-12-03 00:00:00+09:00,124.0,124.0,116.0,117.0,383100,0.0,0.0
2024-12-04 00:00:00+09:00,121.0,140.0,120.0,120.0,2368800,0.0,0.0
2024-12-05 00:00:00+09:00,120.0,122.0,117.0,119.0,234300,0.0,0.0
2024-12-06 00:00:00+09:00,119.0,120.0,116.0,119.0,127700,0.0,0.0
2024-12-09 00:00:00+09:00,118.0,118.0,115.0,116.0,161800,0.0,0.0
2024-12-10 00:00:00+09:00,118.0,118.0,115.0,117.0,90400,0.0,0.0
2024-12-11 00:00:00+09:00,118.0,119.0,116.0,118.0,69600,0.0,0.0
2024-12-12 00:00:00+09:00,118.0,119.0,117.0,119.0,44100,0.0,0.0
2024-12-13 00:00:00+09:00,119.0,122.0,118.0,122.0,93500,0.0,0.0
2024-12-16 00:00:00+09:00,124.0,129.0,121.0,129.0,284600,0.0,0.0
2024-12-17 00:00:00+09:00,128.0,128.0,124.0,126.0,129500,0.0,0.0
2024-12-18 00:00:00+09:00,126.0,126.0,118.0,120.0,165900,0.0,0.0
2024-12-19 00:00:00+09:00,119.0,121.0,116.0,118.0,81500,0.0,0.0
2024-12-20 00:00:00+09:00,118.0,118.0,114.0,117.0,165100,0.0,0.0
2024-12-23 00:00:00+09:00,122.0,132.0,119.0,130.0,1242600,0.0,0.0
2024-12-24 00:00:00+09:00,133.0,137.0,126.0,130.0,869400,0.0,0.0
2024-12-25 00:00:00+09:00,134.0,134.0,125.0,127.0,360400,0.0,0.0
2024-12-26 00:00:00+09:00,127.0,133.0,127.0,132.0,413200,0.0,0.0
2024-12-27 00:00:00+09:00,133.0,134.0,128.0,128.0,219800,0.0,0.0
2024-12-30 00:00:00+09:00,129.0,130.0,124.0,124.0,209000,0.0,0.0
2025-01-06 00:00:00+09:00,123.0,123.0,121.0,123.0,171400,0.0,0.0
2025-01-07 00:00:00+09:00,122.0,123.0,120.0,121.0,91800,0.0,0.0
2025-01-08 00:00:00+09:00,122.0,123.0,121.0,121.0,56800,0.0,0.0
2025-01-09 00:00:00+09:00,122.0,122.0,118.0,120.0,92600,0.0,0.0
2025-01-10 00:00:00+09:00,120.0,120.0,115.0,115.0,134600,0.0,0.0
2025-01-14 00:00:00+09:00,115.0,116.0,108.0,109.0,177600,0.0,0.0
2025-01-15 00:00:00+09:00,112.0,112.0,109.0,109.0,57900,0.0,0.0
2025-01-16 00:00:00+09:00,110.0,111.0,109.0,109.0,67700,0.0,0.0
2025-01-17 00:00:00+09:00,110.0,111.0,108.0,110.0,125000,0.0,0.0
2025-01-20 00:00:00+09:00,110.0,113.0,109.0,110.0,120500,0.0,0.0
2025-01-21 00:00:00+09:00,110.0,115.0,110.0,115.0,87800,0.0,0.0
2025-01-22 00:00:00+09:00,116.0,125.0,114.0,124.0,324100,0.0,0.0
2025-01-23 00:00:00+09:00,121.0,123.0,118.0,119.0,145100,0.0,0.0
2025-01-24 00:00:00+09:00,119.0,127.0,119.0,127.0,217900,0.0,0.0
2025-01-27 00:00:00+09:00,126.0,137.0,123.0,136.0,415100,0.0,0.0
2025-01-28 00:00:00+09:00,135.0,135.0,128.0,130.0,190600,0.0,0.0
2025-01-29 00:00:00+09:00,129.0,135.0,128.0,134.0,191000,0.0,0.0
2025-01-30 00:00:00+09:00,131.0,132.0,128.0,128.0,104200,0.0,0.0
2025-01-31 00:00:00+09:00,129.0,134.0,128.0,133.0,187600,0.0,0.0
2025-02-03 00:00:00+09:00,134.0,146.0,132.0,140.0,784100,0.0,0.0
2025-02-04 00:00:00+09:00,140.0,144.0,135.0,144.0,345600,0.0,0.0
2025-02-05 00:00:00+09:00,144.0,146.0,138.0,139.0,375200,0.0,0.0
2025-02-06 00:00:00+09:00,141.0,143.0,137.0,138.0,313900,0.0,0.0
2025-02-07 00:00:00+09:00,138.0,140.0,137.0,138.0,62800,0.0,0.0
2025-02-10 00:00:00+09:00,139.0,154.0,139.0,145.0,645700,0.0,0.0
2025-02-12 00:00:00+09:00,147.0,153.0,145.0,153.0,228300,0.0,0.0
2025-02-13 00:00:00+09:00,151.0,165.0,149.0,163.0,532400,0.0,0.0
2025-02-14 00:00:00+09:00,164.0,178.0,160.0,174.0,1366600,0.0,0.0
2025-02-17 00:00:00+09:00,174.0,174.0,160.0,165.0,526800,0.0,0.0
2025-02-18 00:00:00+09:00,165.0,181.0,161.0,171.0,705000,0.0,0.0
2025-02-19 00:00:00+09:00,168.0,173.0,165.0,167.0,229100,0.0,0.0
2025-02-20 00:00:00+09:00,168.0,169.0,146.0,153.0,622600,0.0,0.0
2025-02-21 00:00:00+09:00,154.0,158.0,142.0,150.0,618200,0.0,0.0
2025-02-25 00:00:00+09:00,145.0,152.0,141.0,145.0,367900,0.0,0.0
2025-02-26 00:00:00+09:00,144.0,146.0,142.0,145.0,119700,0.0,0.0
2025-02-27 00:00:00+09:00,145.0,149.0,145.0,146.0,83100,0.0,0.0
2025-02-28 00:00:00+09:00,143.0,153.0,136.0,140.0,220800,0.0,0.0
2025-03-03 00:00:00+09:00,137.0,140.0,134.0,135.0,180800,0.0,0.0
2025-03-04 00:00:00+09:00,135.0,146.0,134.0,143.0,357900,0.0,0.0
2025-03-05 00:00:00+09:00,141.0,143.0,136.0,138.0,145100,0.0,0.0
2025-03-06 00:00:00+09:00,138.0,140.0,137.0,138.0,124100,0.0,0.0
2025-03-07 00:00:00+09:00,136.0,136.0,127.0,129.0,302800,0.0,0.0
2025-03-10 00:00:00+09:00,130.0,134.0,129.0,131.0,104800,0.0,0.0
2025-03-11 00:00:00+09:00,130.0,134.0,126.0,134.0,147600,0.0,0.0
2025-03-12 00:00:00+09:00,132.0,135.0,131.0,135.0,41800,0.0,0.0
2025-03-13 00:00:00+09:00,133.0,136.0,131.0,131.0,123400,0.0,0.0
2025-03-14 00:00:00+09:00,132.0,146.0,132.0,146.0,324200,0.0,0.0
