Date,Open,High,Low,Close,Volume,Dividends,Stock Splits
2015-03-20 00:00:00+09:00,786.0,828.0,764.0,800.0,950200,0.0,0.0
2015-03-23 00:00:00+09:00,779.0,797.0,773.0,780.0,662600,0.0,0.0
2015-03-24 00:00:00+09:00,811.0,930.0,801.0,930.0,2873700,0.0,0.0
2015-03-25 00:00:00+09:00,950.0,1041.0,901.0,924.0,6793500,0.0,0.0
2015-03-26 00:00:00+09:00,895.0,899.0,833.0,833.0,1187700,0.0,0.0
2015-03-27 00:00:00+09:00,838.0,876.0,797.0,809.0,998500,0.0,0.0
2015-03-30 00:00:00+09:00,796.0,856.0,780.0,843.0,897200,0.0,0.0
2015-03-31 00:00:00+09:00,824.0,826.0,796.0,809.0,747300,0.0,0.0
2015-04-01 00:00:00+09:00,823.0,825.0,798.0,808.0,500900,0.0,0.0
2015-04-02 00:00:00+09:00,822.0,824.0,792.0,795.0,547900,0.0,0.0
2015-04-03 00:00:00+09:00,790.0,790.0,731.0,736.0,855000,0.0,0.0
2015-04-06 00:00:00+09:00,731.0,745.0,710.0,726.0,510000,0.0,0.0
2015-04-07 00:00:00+09:00,738.0,819.0,734.0,799.0,1686600,0.0,0.0
2015-04-08 00:00:00+09:00,780.0,847.0,758.0,816.0,1478500,0.0,0.0
2015-04-09 00:00:00+09:00,816.0,845.0,800.0,807.0,642700,0.0,0.0
2015-04-10 00:00:00+09:00,815.0,888.0,805.0,870.0,2017400,0.0,0.0
2015-04-13 00:00:00+09:00,834.0,1020.0,822.0,1020.0,5465000,0.0,0.0
2015-04-14 00:00:00+09:00,1080.0,1280.0,1012.0,1078.0,11541000,0.0,0.0
2015-04-15 00:00:00+09:00,1101.0,1199.0,1060.0,1118.0,4355900,0.0,0.0
2015-04-16 00:00:00+09:00,1148.0,1165.0,1062.0,1085.0,2018000,0.0,0.0
2015-04-17 00:00:00+09:00,1030.0,1056.0,967.0,980.0,1457900,0.0,0.0
2015-04-20 00:00:00+09:00,1130.0,1130.0,1130.0,1130.0,188700,0.0,0.0
2015-04-21 00:00:00+09:00,1280.0,1430.0,1207.0,1430.0,15250800,0.0,0.0
2015-04-22 00:00:00+09:00,1370.0,1535.0,1290.0,1363.0,12216600,0.0,0.0
2015-04-23 00:00:00+09:00,1333.0,1385.0,1215.0,1238.0,3466600,0.0,0.0
2015-04-24 00:00:00+09:00,1258.0,1288.0,1172.0,1196.0,2194500,0.0,0.0
2015-04-27 00:00:00+09:00,1176.0,1254.0,1148.0,1220.0,2147500,0.0,0.0
2015-04-28 00:00:00+09:00,1212.0,1220.0,1166.0,1172.0,933200,0.0,0.0
2015-04-30 00:00:00+09:00,1146.0,1160.0,1073.0,1095.0,1432100,0.0,0.0
2015-05-01 00:00:00+09:00,1084.0,1227.0,1084.0,1096.0,2204200,0.0,0.0
2015-05-07 00:00:00+09:00,1100.0,1255.0,1100.0,1193.0,3557800,0.0,0.0
2015-05-08 00:00:00+09:00,1193.0,1245.0,1165.0,1172.0,2159000,0.0,0.0
2015-05-11 00:00:00+09:00,1165.0,1223.0,1161.0,1187.0,1119300,0.0,0.0
2015-05-12 00:00:00+09:00,1210.0,1211.0,1078.0,1088.0,1612800,0.0,0.0
2015-05-13 00:00:00+09:00,1109.0,1132.0,1074.0,1110.0,1207700,0.0,0.0
2015-05-14 00:00:00+09:00,1110.0,1198.0,1089.0,1141.0,1588400,0.0,0.0
2015-05-15 00:00:00+09:00,1142.0,1169.0,1116.0,1117.0,628200,0.0,0.0
2015-05-18 00:00:00+09:00,1116.0,1120.0,1018.0,1027.0,919700,0.0,0.0
2015-05-19 00:00:00+09:00,1020.0,1080.0,980.0,1055.0,1042400,0.0,0.0
2015-05-20 00:00:00+09:00,1038.0,1338.0,1018.0,1228.0,8124600,0.0,0.0
2015-05-21 00:00:00+09:00,1335.0,1443.0,1237.0,1339.0,10393100,0.0,0.0
2015-05-22 00:00:00+09:00,1317.0,1418.0,1206.0,1223.0,7039300,0.0,0.0
2015-05-25 00:00:00+09:00,1240.0,1295.0,1228.0,1245.0,2244900,0.0,0.0
2015-05-26 00:00:00+09:00,1250.0,1265.0,1165.0,1171.0,1314700,0.0,0.0
2015-05-27 00:00:00+09:00,1153.0,1165.0,1100.0,1112.0,988300,0.0,0.0
2015-05-28 00:00:00+09:00,1112.0,1154.0,1096.0,1109.0,631100,0.0,0.0
2015-05-29 00:00:00+09:00,1120.0,1129.0,1059.0,1102.0,778400,0.0,0.0
2015-06-01 00:00:00+09:00,1064.0,1090.0,1051.0,1071.0,686100,0.0,0.0
2015-06-02 00:00:00+09:00,1100.0,1101.0,1017.0,1027.0,811200,0.0,0.0
2015-06-03 00:00:00+09:00,1031.0,1042.0,1003.0,1014.0,653300,0.0,0.0
2015-06-04 00:00:00+09:00,1024.0,1139.0,1006.0,1104.0,2541600,0.0,0.0
2015-06-05 00:00:00+09:00,1062.0,1114.0,1062.0,1092.0,662500,0.0,0.0
2015-06-08 00:00:00+09:00,1062.0,1081.0,1035.0,1039.0,408600,0.0,0.0
2015-06-09 00:00:00+09:00,1050.0,1050.0,1005.0,1012.0,633100,0.0,0.0
2015-06-10 00:00:00+09:00,1000.0,1013.0,986.0,989.0,591500,0.0,0.0
2015-06-11 00:00:00+09:00,978.0,1030.0,952.0,995.0,842000,0.0,0.0
2015-06-12 00:00:00+09:00,985.0,1041.0,983.0,1008.0,572400,0.0,0.0
2015-06-15 00:00:00+09:00,992.0,1034.0,991.0,1002.0,295600,0.0,0.0
2015-06-16 00:00:00+09:00,997.0,1020.0,995.0,999.0,265500,0.0,0.0
2015-06-17 00:00:00+09:00,997.0,1009.0,972.0,975.0,322000,0.0,0.0
2015-06-18 00:00:00+09:00,971.0,979.0,894.0,912.0,603800,0.0,0.0
2015-06-19 00:00:00+09:00,916.0,937.0,906.0,912.0,332600,0.0,0.0
2015-06-22 00:00:00+09:00,921.0,950.0,912.0,924.0,298700,0.0,0.0
2015-06-23 00:00:00+09:00,944.0,1053.0,939.0,990.0,1468200,0.0,0.0
2015-06-24 00:00:00+09:00,982.0,1070.0,981.0,1051.0,1205100,0.0,0.0
2015-06-25 00:00:00+09:00,1061.0,1070.0,1006.0,1009.0,465400,0.0,0.0
2015-06-26 00:00:00+09:00,1022.0,1085.0,985.0,1029.0,655600,0.0,0.0
2015-06-29 00:00:00+09:00,954.0,1010.0,944.0,944.0,461400,0.0,0.0
2015-06-30 00:00:00+09:00,940.0,949.0,924.0,927.0,264300,0.0,0.0
2015-07-01 00:00:00+09:00,925.0,1029.0,918.0,948.0,920100,0.0,0.0
2015-07-02 00:00:00+09:00,948.0,998.0,945.0,954.0,690900,0.0,0.0
2015-07-03 00:00:00+09:00,942.0,955.0,919.0,925.0,360700,0.0,0.0
2015-07-06 00:00:00+09:00,901.0,912.0,842.0,850.0,583500,0.0,0.0
2015-07-07 00:00:00+09:00,865.0,879.0,848.0,855.0,338300,0.0,0.0
2015-07-08 00:00:00+09:00,855.0,856.0,725.0,770.0,932900,0.0,0.0
2015-07-09 00:00:00+09:00,750.0,785.0,669.0,778.0,695100,0.0,0.0
2015-07-10 00:00:00+09:00,774.0,774.0,740.0,741.0,309000,0.0,0.0
2015-07-13 00:00:00+09:00,773.0,808.0,760.0,768.0,326900,0.0,0.0
2015-07-14 00:00:00+09:00,805.0,834.0,790.0,807.0,390000,0.0,0.0
2015-07-15 00:00:00+09:00,777.0,803.0,743.0,745.0,790900,0.0,0.0
2015-07-16 00:00:00+09:00,595.0,665.0,595.0,643.0,2393800,0.0,0.0
2015-07-17 00:00:00+09:00,720.0,743.0,690.0,743.0,2233200,0.0,0.0
2015-07-21 00:00:00+09:00,758.0,893.0,753.0,893.0,5394000,0.0,0.0
2015-07-22 00:00:00+09:00,878.0,965.0,783.0,795.0,4912100,0.0,0.0
2015-07-23 00:00:00+09:00,792.0,825.0,756.0,800.0,1747200,0.0,0.0
2015-07-24 00:00:00+09:00,784.0,795.0,766.0,772.0,470100,0.0,0.0
2015-07-27 00:00:00+09:00,742.0,746.0,712.0,722.0,474600,0.0,0.0
2015-07-28 00:00:00+09:00,760.0,783.0,741.0,748.0,1069300,0.0,0.0
2015-07-29 00:00:00+09:00,763.0,767.0,726.0,729.0,259400,0.0,0.0
2015-07-30 00:00:00+09:00,720.0,727.0,698.0,707.0,274700,0.0,0.0
2015-07-31 00:00:00+09:00,695.0,713.0,695.0,707.0,145200,0.0,0.0
2015-08-03 00:00:00+09:00,700.0,706.0,681.0,682.0,175300,0.0,0.0
2015-08-04 00:00:00+09:00,695.0,695.0,680.0,680.0,121800,0.0,0.0
2015-08-05 00:00:00+09:00,694.0,699.0,682.0,689.0,110500,0.0,0.0
2015-08-06 00:00:00+09:00,679.0,685.0,665.0,666.0,162000,0.0,0.0
2015-08-07 00:00:00+09:00,652.0,660.0,606.0,640.0,611600,0.0,0.0
2015-08-10 00:00:00+09:00,650.0,650.0,619.0,623.0,189800,0.0,0.0
2015-08-11 00:00:00+09:00,648.0,649.0,625.0,627.0,167400,0.0,0.0
2015-08-12 00:00:00+09:00,630.0,630.0,594.0,610.0,288800,0.0,0.0
2015-08-13 00:00:00+09:00,602.0,607.0,590.0,605.0,194100,0.0,0.0
2015-08-14 00:00:00+09:00,595.0,598.0,579.0,593.0,229900,0.0,0.0
2015-08-17 00:00:00+09:00,598.0,619.0,583.0,586.0,135300,0.0,0.0
2015-08-18 00:00:00+09:00,572.0,610.0,570.0,603.0,201000,0.0,0.0
2015-08-19 00:00:00+09:00,596.0,598.0,575.0,577.0,153800,0.0,0.0
2015-08-20 00:00:00+09:00,574.0,586.0,554.0,554.0,177300,0.0,0.0
2015-08-21 00:00:00+09:00,542.0,542.0,504.0,509.0,418100,0.0,0.0
2015-08-24 00:00:00+09:00,501.0,518.0,430.0,441.0,554100,0.0,0.0
2015-08-25 00:00:00+09:00,409.0,483.0,370.0,422.0,811700,0.0,0.0
2015-08-26 00:00:00+09:00,438.0,500.0,435.0,499.0,589000,0.0,0.0
2015-08-27 00:00:00+09:00,502.0,577.0,502.0,525.0,1055100,0.0,0.0
2015-08-28 00:00:00+09:00,610.0,625.0,604.0,625.0,521700,0.0,0.0
2015-08-31 00:00:00+09:00,605.0,617.0,572.0,578.0,1556300,0.0,0.0
2015-09-01 00:00:00+09:00,618.0,678.0,606.0,614.0,3610700,0.0,0.0
2015-09-02 00:00:00+09:00,584.0,620.0,569.0,575.0,1085000,0.0,0.0
2015-09-03 00:00:00+09:00,592.0,598.0,540.0,550.0,490900,0.0,0.0
2015-09-04 00:00:00+09:00,560.0,560.0,489.0,523.0,513100,0.0,0.0
2015-09-07 00:00:00+09:00,503.0,528.0,482.0,502.0,317000,0.0,0.0
2015-09-08 00:00:00+09:00,492.0,510.0,480.0,480.0,244100,0.0,0.0
2015-09-09 00:00:00+09:00,514.0,526.0,500.0,519.0,310900,0.0,0.0
2015-09-10 00:00:00+09:00,513.0,528.0,492.0,513.0,314100,0.0,0.0
2015-09-11 00:00:00+09:00,493.0,526.0,493.0,513.0,309200,0.0,0.0
2015-09-14 00:00:00+09:00,509.0,519.0,492.0,492.0,204800,0.0,0.0
2015-09-15 00:00:00+09:00,491.0,509.0,487.0,489.0,120800,0.0,0.0
2015-09-16 00:00:00+09:00,497.0,499.0,482.0,482.0,124200,0.0,0.0
2015-09-17 00:00:00+09:00,482.0,500.0,459.0,490.0,342400,0.0,0.0
2015-09-18 00:00:00+09:00,482.0,494.0,473.0,481.0,99900,0.0,0.0
2015-09-24 00:00:00+09:00,468.0,472.0,455.0,457.0,130800,0.0,0.0
2015-09-25 00:00:00+09:00,450.0,465.0,450.0,457.0,92400,0.0,0.0
2015-09-28 00:00:00+09:00,460.0,469.0,452.0,457.0,61600,0.0,0.0
2015-09-29 00:00:00+09:00,465.0,465.0,442.0,443.0,93100,0.0,0.0
2015-09-30 00:00:00+09:00,445.0,453.0,425.0,436.0,121500,0.0,0.0
2015-10-01 00:00:00+09:00,448.0,457.0,435.0,448.0,109700,0.0,0.0
2015-10-02 00:00:00+09:00,450.0,512.0,437.0,495.0,823600,0.0,0.0
2015-10-05 00:00:00+09:00,495.0,497.0,476.0,481.0,179600,0.0,0.0
2015-10-06 00:00:00+09:00,484.0,491.0,472.0,472.0,140000,0.0,0.0
2015-10-07 00:00:00+09:00,464.0,478.0,460.0,471.0,105900,0.0,0.0
2015-10-08 00:00:00+09:00,469.0,475.0,463.0,467.0,80900,0.0,0.0
2015-10-09 00:00:00+09:00,463.0,467.0,456.0,461.0,107100,0.0,0.0
2015-10-13 00:00:00+09:00,437.0,467.0,437.0,453.0,266300,0.0,0.0
2015-10-14 00:00:00+09:00,451.0,460.0,439.0,440.0,121400,0.0,0.0
2015-10-15 00:00:00+09:00,432.0,445.0,427.0,437.0,136700,0.0,0.0
2015-10-16 00:00:00+09:00,445.0,515.0,444.0,504.0,2060600,0.0,0.0
2015-10-19 00:00:00+09:00,522.0,592.0,522.0,580.0,3674700,0.0,0.0
2015-10-20 00:00:00+09:00,600.0,634.0,524.0,550.0,3466700,0.0,0.0
2015-10-21 00:00:00+09:00,530.0,538.0,491.0,492.0,731700,0.0,0.0
2015-10-22 00:00:00+09:00,520.0,528.0,497.0,501.0,970700,0.0,0.0
2015-10-23 00:00:00+09:00,495.0,513.0,493.0,495.0,342800,0.0,0.0
2015-10-26 00:00:00+09:00,495.0,506.0,487.0,504.0,216300,0.0,0.0
2015-10-27 00:00:00+09:00,499.0,512.0,491.0,496.0,239800,0.0,0.0
2015-10-28 00:00:00+09:00,530.0,553.0,501.0,501.0,995700,0.0,0.0
2015-10-29 00:00:00+09:00,497.0,499.0,483.0,486.0,232500,0.0,0.0
2015-10-30 00:00:00+09:00,482.0,484.0,460.0,461.0,186000,0.0,0.0
2015-11-02 00:00:00+09:00,460.0,465.0,445.0,462.0,125100,0.0,0.0
2015-11-04 00:00:00+09:00,456.0,464.0,445.0,446.0,145100,0.0,0.0
2015-11-05 00:00:00+09:00,443.0,447.0,433.0,435.0,133500,0.0,0.0
2015-11-06 00:00:00+09:00,435.0,459.0,433.0,445.0,195300,0.0,0.0
2015-11-09 00:00:00+09:00,457.0,458.0,437.0,443.0,131400,0.0,0.0
2015-11-10 00:00:00+09:00,435.0,453.0,434.0,449.0,111700,0.0,0.0
2015-11-11 00:00:00+09:00,442.0,471.0,440.0,446.0,189000,0.0,0.0
2015-11-12 00:00:00+09:00,446.0,456.0,441.0,444.0,115600,0.0,0.0
2015-11-13 00:00:00+09:00,436.0,447.0,435.0,439.0,79000,0.0,0.0
2015-11-16 00:00:00+09:00,435.0,439.0,431.0,433.0,82500,0.0,0.0
2015-11-17 00:00:00+09:00,433.0,437.0,431.0,436.0,86800,0.0,0.0
2015-11-18 00:00:00+09:00,436.0,444.0,432.0,433.0,121700,0.0,0.0
2015-11-19 00:00:00+09:00,433.0,460.0,431.0,442.0,262100,0.0,0.0
2015-11-20 00:00:00+09:00,437.0,446.0,436.0,437.0,160100,0.0,0.0
2015-11-24 00:00:00+09:00,441.0,455.0,440.0,450.0,162400,0.0,0.0
2015-11-25 00:00:00+09:00,455.0,496.0,455.0,466.0,827400,0.0,0.0
2015-11-26 00:00:00+09:00,462.0,465.0,448.0,449.0,251700,0.0,0.0
2015-11-27 00:00:00+09:00,446.0,450.0,440.0,440.0,138000,0.0,0.0
2015-11-30 00:00:00+09:00,446.0,450.0,440.0,443.0,114800,0.0,0.0
2015-12-01 00:00:00+09:00,442.0,444.0,438.0,439.0,135100,0.0,0.0
2015-12-02 00:00:00+09:00,446.0,446.0,439.0,441.0,93000,0.0,0.0
2015-12-03 00:00:00+09:00,444.0,444.0,437.0,440.0,94800,0.0,0.0
2015-12-04 00:00:00+09:00,434.0,463.0,434.0,448.0,558300,0.0,0.0
2015-12-07 00:00:00+09:00,450.0,469.0,449.0,467.0,484200,0.0,0.0
2015-12-08 00:00:00+09:00,468.0,472.0,442.0,446.0,268100,0.0,0.0
2015-12-09 00:00:00+09:00,439.0,444.0,437.0,439.0,132900,0.0,0.0
2015-12-10 00:00:00+09:00,436.0,443.0,431.0,432.0,165300,0.0,0.0
2015-12-11 00:00:00+09:00,435.0,438.0,431.0,431.0,98200,0.0,0.0
2015-12-14 00:00:00+09:00,427.0,428.0,415.0,419.0,166000,0.0,0.0
2015-12-15 00:00:00+09:00,416.0,426.0,402.0,403.0,166000,0.0,0.0
2015-12-16 00:00:00+09:00,405.0,410.0,400.0,400.0,112900,0.0,0.0
2015-12-17 00:00:00+09:00,406.0,414.0,403.0,407.0,147500,0.0,0.0
2015-12-18 00:00:00+09:00,406.0,409.0,401.0,401.0,107800,0.0,0.0
2015-12-21 00:00:00+09:00,400.0,401.0,380.0,383.0,198300,0.0,0.0
2015-12-22 00:00:00+09:00,375.0,395.0,372.0,374.0,169200,0.0,0.0
2015-12-24 00:00:00+09:00,362.0,365.0,333.0,348.0,372100,0.0,0.0
2015-12-25 00:00:00+09:00,348.0,348.0,348.0,348.0,0,0.0,0.0
2015-12-28 00:00:00+09:00,346.0,408.0,343.0,385.0,591500,0.0,0.0
2015-12-29 00:00:00+09:00,377.0,388.0,368.0,376.0,217400,0.0,0.0
2015-12-30 00:00:00+09:00,392.0,399.0,381.0,392.0,224300,0.0,0.0
2016-01-04 00:00:00+09:00,384.0,401.0,382.0,390.0,132000,0.0,0.0
2016-01-05 00:00:00+09:00,388.0,390.0,374.0,380.0,125600,0.0,0.0
2016-01-06 00:00:00+09:00,380.0,384.0,364.0,367.0,124900,0.0,0.0
2016-01-07 00:00:00+09:00,358.0,372.0,354.0,356.0,129700,0.0,0.0
2016-01-08 00:00:00+09:00,356.0,370.0,350.0,366.0,115700,0.0,0.0
2016-01-12 00:00:00+09:00,367.0,367.0,338.0,340.0,156600,0.0,0.0
2016-01-13 00:00:00+09:00,336.0,360.0,336.0,349.0,103700,0.0,0.0
2016-01-14 00:00:00+09:00,341.0,347.0,331.0,342.0,145400,0.0,0.0
2016-01-15 00:00:00+09:00,358.0,405.0,351.0,374.0,601000,0.0,0.0
2016-01-18 00:00:00+09:00,350.0,422.0,347.0,394.0,1347300,0.0,0.0
2016-01-19 00:00:00+09:00,415.0,443.0,400.0,405.0,1343600,0.0,0.0
2016-01-20 00:00:00+09:00,413.0,417.0,351.0,359.0,387900,0.0,0.0
2016-01-21 00:00:00+09:00,351.0,367.0,327.0,328.0,220700,0.0,0.0
2016-01-22 00:00:00+09:00,337.0,343.0,329.0,341.0,195500,0.0,0.0
2016-01-25 00:00:00+09:00,340.0,357.0,340.0,343.0,139400,0.0,0.0
2016-01-26 00:00:00+09:00,335.0,342.0,333.0,334.0,165100,0.0,0.0
2016-01-27 00:00:00+09:00,338.0,346.0,337.0,339.0,104000,0.0,0.0
2016-01-28 00:00:00+09:00,351.0,358.0,339.0,348.0,147900,0.0,0.0
2016-01-29 00:00:00+09:00,352.0,360.0,338.0,344.0,161300,0.0,0.0
2016-02-01 00:00:00+09:00,352.0,404.0,347.0,370.0,681000,0.0,0.0
2016-02-02 00:00:00+09:00,366.0,388.0,366.0,380.0,199600,0.0,0.0
2016-02-03 00:00:00+09:00,365.0,367.0,352.0,356.0,150500,0.0,0.0
2016-02-04 00:00:00+09:00,353.0,355.0,344.0,345.0,107100,0.0,0.0
2016-02-05 00:00:00+09:00,344.0,347.0,333.0,337.0,84100,0.0,0.0
2016-02-08 00:00:00+09:00,335.0,339.0,323.0,334.0,120300,0.0,0.0
2016-02-09 00:00:00+09:00,294.0,309.0,289.0,292.0,409000,0.0,0.0
2016-02-10 00:00:00+09:00,292.0,297.0,269.0,275.0,179100,0.0,0.0
2016-02-12 00:00:00+09:00,250.0,254.0,228.0,235.0,255000,0.0,0.0
2016-02-15 00:00:00+09:00,273.0,273.0,245.0,256.0,231900,0.0,0.0
2016-02-16 00:00:00+09:00,336.0,336.0,336.0,336.0,135900,0.0,0.0
2016-02-17 00:00:00+09:00,320.0,344.0,281.0,285.0,1817100,0.0,0.0
2016-02-18 00:00:00+09:00,287.0,292.0,275.0,279.0,427100,0.0,0.0
2016-02-19 00:00:00+09:00,270.0,280.0,263.0,268.0,298500,0.0,0.0
2016-02-22 00:00:00+09:00,262.0,270.0,256.0,267.0,237100,0.0,0.0
2016-02-23 00:00:00+09:00,270.0,271.0,261.0,261.0,179000,0.0,0.0
2016-02-24 00:00:00+09:00,269.0,269.0,254.0,261.0,261200,0.0,0.0
2016-02-25 00:00:00+09:00,268.0,268.0,257.0,259.0,154100,0.0,0.0
2016-02-26 00:00:00+09:00,275.0,339.0,270.0,339.0,7129100,0.0,0.0
2016-02-29 00:00:00+09:00,379.0,380.0,311.0,314.0,2751200,0.0,0.0
2016-03-01 00:00:00+09:00,308.0,313.0,291.0,297.0,629500,0.0,0.0
2016-03-02 00:00:00+09:00,301.0,306.0,292.0,295.0,344900,0.0,0.0
2016-03-03 00:00:00+09:00,293.0,302.0,290.0,300.0,225100,0.0,0.0
2016-03-04 00:00:00+09:00,308.0,318.0,301.0,318.0,420100,0.0,0.0
2016-03-07 00:00:00+09:00,323.0,325.0,308.0,316.0,235100,0.0,0.0
2016-03-08 00:00:00+09:00,316.0,316.0,299.0,306.0,190400,0.0,0.0
2016-03-09 00:00:00+09:00,300.0,303.0,293.0,298.0,160600,0.0,0.0
2016-03-10 00:00:00+09:00,302.0,320.0,298.0,317.0,205200,0.0,0.0
2016-03-11 00:00:00+09:00,310.0,314.0,304.0,310.0,100100,0.0,0.0
2016-03-14 00:00:00+09:00,314.0,319.0,307.0,312.0,160600,0.0,0.0
2016-03-15 00:00:00+09:00,316.0,319.0,308.0,312.0,90100,0.0,0.0
2016-03-16 00:00:00+09:00,314.0,334.0,310.0,311.0,437900,0.0,0.0
2016-03-17 00:00:00+09:00,314.0,325.0,309.0,316.0,213200,0.0,0.0
2016-03-18 00:00:00+09:00,311.0,312.0,304.0,310.0,123600,0.0,0.0
2016-03-22 00:00:00+09:00,314.0,314.0,309.0,310.0,68100,0.0,0.0
2016-03-23 00:00:00+09:00,314.0,317.0,311.0,313.0,65200,0.0,0.0
2016-03-24 00:00:00+09:00,312.0,312.0,309.0,309.0,60600,0.0,0.0
2016-03-25 00:00:00+09:00,340.0,378.0,330.0,359.0,4450200,0.0,0.0
2016-03-28 00:00:00+09:00,340.0,346.0,326.0,330.0,530400,0.0,0.0
2016-03-29 00:00:00+09:00,338.0,377.0,329.0,355.0,738500,0.0,0.0
2016-03-30 00:00:00+09:00,381.0,420.0,375.0,375.0,2662300,0.0,0.0
2016-03-31 00:00:00+09:00,370.0,397.0,367.0,392.0,674000,0.0,0.0
2016-04-01 00:00:00+09:00,398.0,425.0,367.0,419.0,1250200,0.0,0.0
2016-04-04 00:00:00+09:00,413.0,429.0,404.0,418.0,690000,0.0,0.0
2016-04-05 00:00:00+09:00,413.0,416.0,380.0,388.0,443200,0.0,0.0
2016-04-06 00:00:00+09:00,377.0,390.0,370.0,390.0,297000,0.0,0.0
2016-04-07 00:00:00+09:00,382.0,404.0,382.0,391.0,256500,0.0,0.0
2016-04-08 00:00:00+09:00,385.0,410.0,376.0,408.0,257600,0.0,0.0
2016-04-11 00:00:00+09:00,415.0,424.0,402.0,413.0,350500,0.0,0.0
2016-04-12 00:00:00+09:00,413.0,414.0,395.0,403.0,343100,0.0,0.0
2016-04-13 00:00:00+09:00,403.0,405.0,393.0,398.0,250700,0.0,0.0
2016-04-14 00:00:00+09:00,398.0,407.0,383.0,390.0,407200,0.0,0.0
2016-04-15 00:00:00+09:00,384.0,434.0,381.0,418.0,804700,0.0,0.0
2016-04-18 00:00:00+09:00,407.0,407.0,388.0,392.0,542100,0.0,0.0
2016-04-19 00:00:00+09:00,400.0,415.0,392.0,406.0,341000,0.0,0.0
2016-04-20 00:00:00+09:00,408.0,412.0,393.0,396.0,463800,0.0,0.0
2016-04-21 00:00:00+09:00,397.0,420.0,396.0,413.0,573600,0.0,0.0
2016-04-22 00:00:00+09:00,410.0,463.0,406.0,455.0,988700,0.0,0.0
2016-04-25 00:00:00+09:00,459.0,472.0,434.0,450.0,818000,0.0,0.0
2016-04-26 00:00:00+09:00,448.0,469.0,403.0,416.0,672700,0.0,0.0
2016-04-27 00:00:00+09:00,416.0,417.0,391.0,404.0,329000,0.0,0.0
2016-04-28 00:00:00+09:00,402.0,465.0,396.0,405.0,1963300,0.0,0.0
2016-05-02 00:00:00+09:00,397.0,398.0,386.0,391.0,316800,0.0,0.0
2016-05-06 00:00:00+09:00,403.0,403.0,385.0,396.0,300200,0.0,0.0
2016-05-09 00:00:00+09:00,397.0,418.0,397.0,415.0,217500,0.0,0.0
2016-05-10 00:00:00+09:00,414.0,426.0,403.0,415.0,212400,0.0,0.0
2016-05-11 00:00:00+09:00,415.0,426.0,413.0,421.0,229100,0.0,0.0
2016-05-12 00:00:00+09:00,420.0,426.0,407.0,408.0,203000,0.0,0.0
2016-05-13 00:00:00+09:00,404.0,412.0,393.0,398.0,248700,0.0,0.0
2016-05-16 00:00:00+09:00,418.0,455.0,408.0,444.0,1033500,0.0,0.0
2016-05-17 00:00:00+09:00,448.0,467.0,427.0,457.0,680800,0.0,0.0
2016-05-18 00:00:00+09:00,457.0,465.0,420.0,431.0,547500,0.0,0.0
2016-05-19 00:00:00+09:00,436.0,459.0,427.0,455.0,328100,0.0,0.0
2016-05-20 00:00:00+09:00,442.0,461.0,431.0,442.0,437700,0.0,0.0
2016-05-23 00:00:00+09:00,455.0,522.0,454.0,522.0,3563400,0.0,0.0
2016-05-24 00:00:00+09:00,512.0,576.0,496.0,534.0,6389700,0.0,0.0
2016-05-25 00:00:00+09:00,524.0,530.0,501.0,505.0,923200,0.0,0.0
2016-05-26 00:00:00+09:00,530.0,598.0,521.0,583.0,6004500,0.0,0.0
2016-05-27 00:00:00+09:00,569.0,611.0,561.0,568.0,2400500,0.0,0.0
2016-05-30 00:00:00+09:00,550.0,574.0,531.0,557.0,905600,0.0,0.0
2016-05-31 00:00:00+09:00,563.0,578.0,550.0,557.0,503100,0.0,0.0
2016-06-01 00:00:00+09:00,540.0,570.0,535.0,553.0,523200,0.0,0.0
2016-06-02 00:00:00+09:00,563.0,593.0,551.0,581.0,1537200,0.0,0.0
2016-06-03 00:00:00+09:00,571.0,578.0,556.0,565.0,597300,0.0,0.0
2016-06-06 00:00:00+09:00,567.0,569.0,526.0,563.0,519200,0.0,0.0
2016-06-07 00:00:00+09:00,610.0,633.0,555.0,559.0,2486600,0.0,0.0
2016-06-08 00:00:00+09:00,547.0,547.0,521.0,522.0,628000,0.0,0.0
2016-06-09 00:00:00+09:00,524.0,571.0,523.0,542.0,1663100,0.0,0.0
2016-06-10 00:00:00+09:00,540.0,556.0,514.0,519.0,617800,0.0,0.0
2016-06-13 00:00:00+09:00,519.0,519.0,467.0,475.0,687100,0.0,0.0
2016-06-14 00:00:00+09:00,472.0,475.0,416.0,420.0,684200,0.0,0.0
2016-06-15 00:00:00+09:00,433.0,455.0,425.0,435.0,858500,0.0,0.0
2016-06-16 00:00:00+09:00,452.0,457.0,386.0,394.0,877800,0.0,0.0
2016-06-17 00:00:00+09:00,402.0,412.0,382.0,389.0,508000,0.0,0.0
2016-06-20 00:00:00+09:00,389.0,407.0,379.0,398.0,314400,0.0,0.0
2016-06-21 00:00:00+09:00,390.0,407.0,385.0,402.0,346500,0.0,0.0
2016-06-22 00:00:00+09:00,389.0,395.0,371.0,377.0,299500,0.0,0.0
2016-06-23 00:00:00+09:00,369.0,388.0,358.0,381.0,242400,0.0,0.0
2016-06-24 00:00:00+09:00,387.0,394.0,301.0,328.0,676100,0.0,0.0
2016-06-27 00:00:00+09:00,360.0,364.0,344.0,359.0,397800,0.0,0.0
2016-06-28 00:00:00+09:00,343.0,359.0,335.0,357.0,221900,0.0,0.0
2016-06-29 00:00:00+09:00,351.0,389.0,351.0,384.0,360000,0.0,0.0
2016-06-30 00:00:00+09:00,382.0,422.0,376.0,379.0,713600,0.0,0.0
2016-07-01 00:00:00+09:00,385.0,398.0,370.0,384.0,331100,0.0,0.0
2016-07-04 00:00:00+09:00,377.0,394.0,377.0,388.0,106800,0.0,0.0
2016-07-05 00:00:00+09:00,380.0,386.0,375.0,377.0,121800,0.0,0.0
2016-07-06 00:00:00+09:00,365.0,373.0,355.0,370.0,139400,0.0,0.0
2016-07-07 00:00:00+09:00,363.0,380.0,352.0,357.0,203700,0.0,0.0
2016-07-08 00:00:00+09:00,355.0,365.0,344.0,353.0,177100,0.0,0.0
2016-07-11 00:00:00+09:00,353.0,353.0,353.0,353.0,0,0.0,0.0
2016-07-12 00:00:00+09:00,360.0,385.0,356.0,377.0,211100,0.0,0.0
2016-07-13 00:00:00+09:00,385.0,385.0,363.0,364.0,153500,0.0,0.0
2016-07-14 00:00:00+09:00,363.0,387.0,359.0,381.0,273200,0.0,0.0
2016-07-15 00:00:00+09:00,389.0,391.0,365.0,376.0,230600,0.0,0.0
2016-07-19 00:00:00+09:00,368.0,375.0,349.0,359.0,192500,0.0,0.0
2016-07-20 00:00:00+09:00,355.0,360.0,343.0,343.0,179600,0.0,0.0
2016-07-21 00:00:00+09:00,349.0,350.0,342.0,348.0,112200,0.0,0.0
2016-07-22 00:00:00+09:00,345.0,349.0,340.0,348.0,140700,0.0,0.0
2016-07-25 00:00:00+09:00,343.0,351.0,340.0,341.0,122900,0.0,0.0
2016-07-26 00:00:00+09:00,345.0,345.0,330.0,332.0,109100,0.0,0.0
2016-07-27 00:00:00+09:00,333.0,340.0,333.0,340.0,74300,0.0,0.0
2016-07-28 00:00:00+09:00,340.0,340.0,313.0,319.0,185500,0.0,0.0
2016-07-29 00:00:00+09:00,315.0,327.0,312.0,324.0,130900,0.0,0.0
2016-08-01 00:00:00+09:00,318.0,323.0,312.0,320.0,156000,0.0,0.0
2016-08-02 00:00:00+09:00,315.0,335.0,315.0,328.0,100800,0.0,0.0
2016-08-03 00:00:00+09:00,325.0,328.0,307.0,314.0,110200,0.0,0.0
2016-08-04 00:00:00+09:00,316.0,320.0,315.0,320.0,40700,0.0,0.0
2016-08-05 00:00:00+09:00,328.0,328.0,311.0,313.0,100600,0.0,0.0
2016-08-08 00:00:00+09:00,313.0,324.0,309.0,310.0,141000,0.0,0.0
2016-08-09 00:00:00+09:00,303.0,316.0,287.0,306.0,144900,0.0,0.0
2016-08-10 00:00:00+09:00,309.0,310.0,301.0,305.0,80100,0.0,0.0
2016-08-12 00:00:00+09:00,305.0,309.0,301.0,306.0,57400,0.0,0.0
2016-08-15 00:00:00+09:00,309.0,326.0,309.0,325.0,107000,0.0,0.0
2016-08-16 00:00:00+09:00,324.0,343.0,319.0,328.0,189700,0.0,0.0
2016-08-17 00:00:00+09:00,328.0,335.0,328.0,330.0,68000,0.0,0.0
2016-08-18 00:00:00+09:00,330.0,342.0,328.0,331.0,121700,0.0,0.0
2016-08-19 00:00:00+09:00,331.0,345.0,331.0,332.0,138400,0.0,0.0
2016-08-22 00:00:00+09:00,336.0,344.0,331.0,339.0,119700,0.0,0.0
2016-08-23 00:00:00+09:00,347.0,381.0,340.0,356.0,1045100,0.0,0.0
2016-08-24 00:00:00+09:00,354.0,372.0,350.0,351.0,263800,0.0,0.0
2016-08-25 00:00:00+09:00,353.0,373.0,353.0,371.0,221700,0.0,0.0
2016-08-26 00:00:00+09:00,371.0,371.0,350.0,350.0,156900,0.0,0.0
2016-08-29 00:00:00+09:00,355.0,371.0,346.0,359.0,161800,0.0,0.0
2016-08-30 00:00:00+09:00,361.0,366.0,348.0,348.0,105800,0.0,0.0
2016-08-31 00:00:00+09:00,380.0,414.0,365.0,366.0,2975500,0.0,0.0
2016-09-01 00:00:00+09:00,369.0,394.0,363.0,380.0,465900,0.0,0.0
2016-09-02 00:00:00+09:00,405.0,414.0,386.0,387.0,755000,0.0,0.0
2016-09-05 00:00:00+09:00,391.0,393.0,375.0,380.0,211300,0.0,0.0
2016-09-06 00:00:00+09:00,384.0,384.0,365.0,371.0,218300,0.0,0.0
2016-09-07 00:00:00+09:00,381.0,400.0,371.0,374.0,724200,0.0,0.0
2016-09-08 00:00:00+09:00,375.0,390.0,373.0,381.0,204700,0.0,0.0
2016-09-09 00:00:00+09:00,381.0,384.0,376.0,378.0,122000,0.0,0.0
2016-09-12 00:00:00+09:00,370.0,384.0,366.0,378.0,155300,0.0,0.0
2016-09-13 00:00:00+09:00,380.0,403.0,373.0,393.0,563000,0.0,0.0
2016-09-14 00:00:00+09:00,396.0,405.0,356.0,362.0,648600,0.0,0.0
2016-09-15 00:00:00+09:00,354.0,363.0,349.0,352.0,168700,0.0,0.0
2016-09-16 00:00:00+09:00,352.0,354.0,344.0,352.0,90600,0.0,0.0
2016-09-20 00:00:00+09:00,347.0,350.0,345.0,347.0,49100,0.0,0.0
2016-09-21 00:00:00+09:00,344.0,347.0,326.0,340.0,170700,0.0,0.0
2016-09-23 00:00:00+09:00,340.0,351.0,333.0,347.0,122200,0.0,0.0
2016-09-26 00:00:00+09:00,350.0,351.0,345.0,347.0,58000,0.0,0.0
2016-09-27 00:00:00+09:00,341.0,345.0,333.0,336.0,248400,0.0,0.0
2016-09-28 00:00:00+09:00,339.0,348.0,337.0,342.0,92400,0.0,0.0
2016-09-29 00:00:00+09:00,349.0,349.0,337.0,338.0,108200,0.0,0.0
2016-09-30 00:00:00+09:00,333.0,340.0,333.0,336.0,81000,0.0,0.0
2016-10-03 00:00:00+09:00,341.0,341.0,335.0,338.0,81000,0.0,0.0
2016-10-04 00:00:00+09:00,337.0,340.0,332.0,337.0,151100,0.0,0.0
2016-10-05 00:00:00+09:00,342.0,343.0,337.0,342.0,77900,0.0,0.0
2016-10-06 00:00:00+09:00,348.0,349.0,343.0,346.0,151600,0.0,0.0
2016-10-07 00:00:00+09:00,347.0,365.0,346.0,352.0,438600,0.0,0.0
2016-10-11 00:00:00+09:00,353.0,363.0,346.0,348.0,155200,0.0,0.0
2016-10-12 00:00:00+09:00,345.0,346.0,338.0,340.0,104900,0.0,0.0
2016-10-13 00:00:00+09:00,340.0,340.0,328.0,329.0,142700,0.0,0.0
2016-10-14 00:00:00+09:00,330.0,337.0,330.0,333.0,64900,0.0,0.0
2016-10-17 00:00:00+09:00,334.0,350.0,334.0,348.0,122200,0.0,0.0
2016-10-18 00:00:00+09:00,349.0,349.0,335.0,341.0,325900,0.0,0.0
2016-10-19 00:00:00+09:00,345.0,348.0,339.0,345.0,91500,0.0,0.0
2016-10-20 00:00:00+09:00,346.0,347.0,341.0,341.0,68200,0.0,0.0
2016-10-21 00:00:00+09:00,343.0,345.0,339.0,341.0,68200,0.0,0.0
2016-10-24 00:00:00+09:00,339.0,341.0,335.0,340.0,49200,0.0,0.0
2016-10-25 00:00:00+09:00,337.0,340.0,333.0,335.0,57700,0.0,0.0
2016-10-26 00:00:00+09:00,334.0,337.0,332.0,335.0,53500,0.0,0.0
2016-10-27 00:00:00+09:00,333.0,337.0,333.0,333.0,42400,0.0,0.0
2016-10-28 00:00:00+09:00,333.0,335.0,332.0,333.0,33400,0.0,0.0
2016-10-31 00:00:00+09:00,332.0,337.0,332.0,335.0,34300,0.0,0.0
2016-11-01 00:00:00+09:00,333.0,335.0,329.0,331.0,68800,0.0,0.0
2016-11-02 00:00:00+09:00,328.0,331.0,311.0,314.0,113500,0.0,0.0
2016-11-04 00:00:00+09:00,308.0,310.0,300.0,305.0,121500,0.0,0.0
2016-11-07 00:00:00+09:00,307.0,313.0,303.0,307.0,70100,0.0,0.0
2016-11-08 00:00:00+09:00,308.0,312.0,307.0,307.0,48800,0.0,0.0
2016-11-09 00:00:00+09:00,308.0,312.0,260.0,289.0,274000,0.0,0.0
2016-11-10 00:00:00+09:00,305.0,306.0,296.0,303.0,59900,0.0,0.0
2016-11-11 00:00:00+09:00,303.0,306.0,298.0,301.0,64800,0.0,0.0
2016-11-14 00:00:00+09:00,293.0,308.0,293.0,307.0,62500,0.0,0.0
2016-11-15 00:00:00+09:00,305.0,308.0,301.0,307.0,78500,0.0,0.0
2016-11-16 00:00:00+09:00,315.0,319.0,310.0,318.0,218400,0.0,0.0
2016-11-17 00:00:00+09:00,317.0,318.0,308.0,313.0,94400,0.0,0.0
2016-11-18 00:00:00+09:00,314.0,315.0,306.0,312.0,107200,0.0,0.0
2016-11-21 00:00:00+09:00,312.0,316.0,310.0,314.0,83700,0.0,0.0
2016-11-22 00:00:00+09:00,314.0,317.0,308.0,312.0,133800,0.0,0.0
2016-11-24 00:00:00+09:00,310.0,312.0,305.0,307.0,139200,0.0,0.0
2016-11-25 00:00:00+09:00,306.0,311.0,301.0,305.0,200200,0.0,0.0
2016-11-28 00:00:00+09:00,313.0,317.0,304.0,307.0,351200,0.0,0.0
2016-11-29 00:00:00+09:00,308.0,308.0,300.0,304.0,125600,0.0,0.0
2016-11-30 00:00:00+09:00,303.0,308.0,301.0,301.0,116100,0.0,0.0
2016-12-01 00:00:00+09:00,305.0,305.0,301.0,301.0,83000,0.0,0.0
2016-12-02 00:00:00+09:00,301.0,304.0,294.0,295.0,204900,0.0,0.0
2016-12-05 00:00:00+09:00,293.0,297.0,291.0,292.0,46200,0.0,0.0
2016-12-06 00:00:00+09:00,294.0,296.0,291.0,292.0,99000,0.0,0.0
2016-12-07 00:00:00+09:00,292.0,293.0,288.0,289.0,150700,0.0,0.0
2016-12-08 00:00:00+09:00,289.0,291.0,285.0,287.0,125100,0.0,0.0
2016-12-09 00:00:00+09:00,285.0,298.0,285.0,288.0,310900,0.0,0.0
2016-12-12 00:00:00+09:00,294.0,296.0,287.0,288.0,164900,0.0,0.0
2016-12-13 00:00:00+09:00,289.0,292.0,288.0,289.0,104200,0.0,0.0
2016-12-14 00:00:00+09:00,291.0,314.0,287.0,295.0,621700,0.0,0.0
2016-12-15 00:00:00+09:00,294.0,297.0,290.0,290.0,317200,0.0,0.0
2016-12-16 00:00:00+09:00,290.0,292.0,288.0,288.0,150000,0.0,0.0
2016-12-19 00:00:00+09:00,290.0,290.0,286.0,286.0,160800,0.0,0.0
2016-12-20 00:00:00+09:00,287.0,288.0,285.0,287.0,137600,0.0,0.0
2016-12-21 00:00:00+09:00,287.0,287.0,277.0,282.0,376300,0.0,0.0
2016-12-22 00:00:00+09:00,281.0,299.0,272.0,276.0,642700,0.0,0.0
2016-12-26 00:00:00+09:00,280.0,280.0,268.0,269.0,293000,0.0,0.0
2016-12-27 00:00:00+09:00,269.0,284.0,269.0,284.0,327500,0.0,0.0
2016-12-28 00:00:00+09:00,290.0,297.0,285.0,290.0,457700,0.0,0.0
2016-12-29 00:00:00+09:00,294.0,294.0,282.0,287.0,142200,0.0,0.0
2016-12-30 00:00:00+09:00,279.0,289.0,276.0,287.0,163800,0.0,0.0
2017-01-04 00:00:00+09:00,292.0,292.0,286.0,291.0,177200,0.0,0.0
2017-01-05 00:00:00+09:00,290.0,301.0,289.0,298.0,272900,0.0,0.0
2017-01-06 00:00:00+09:00,298.0,300.0,290.0,292.0,257600,0.0,0.0
2017-01-10 00:00:00+09:00,293.0,306.0,291.0,303.0,331200,0.0,0.0
2017-01-11 00:00:00+09:00,303.0,305.0,298.0,299.0,210300,0.0,0.0
2017-01-12 00:00:00+09:00,302.0,302.0,292.0,295.0,121300,0.0,0.0
2017-01-13 00:00:00+09:00,297.0,305.0,297.0,300.0,177300,0.0,0.0
2017-01-16 00:00:00+09:00,288.0,298.0,286.0,296.0,436500,0.0,0.0
2017-01-17 00:00:00+09:00,291.0,294.0,286.0,290.0,261800,0.0,0.0
2017-01-18 00:00:00+09:00,287.0,289.0,285.0,287.0,88500,0.0,0.0
2017-01-19 00:00:00+09:00,289.0,290.0,282.0,283.0,127600,0.0,0.0
2017-01-20 00:00:00+09:00,283.0,290.0,282.0,290.0,204500,0.0,0.0
2017-01-23 00:00:00+09:00,291.0,296.0,284.0,287.0,267300,0.0,0.0
2017-01-24 00:00:00+09:00,290.0,290.0,286.0,287.0,67100,0.0,0.0
2017-01-25 00:00:00+09:00,289.0,294.0,288.0,289.0,159500,0.0,0.0
2017-01-26 00:00:00+09:00,293.0,293.0,287.0,287.0,75400,0.0,0.0
2017-01-27 00:00:00+09:00,290.0,290.0,286.0,286.0,65700,0.0,0.0
2017-01-30 00:00:00+09:00,292.0,314.0,292.0,311.0,999100,0.0,0.0
2017-01-31 00:00:00+09:00,315.0,353.0,311.0,321.0,2525800,0.0,0.0
2017-02-01 00:00:00+09:00,314.0,317.0,303.0,305.0,429300,0.0,0.0
2017-02-02 00:00:00+09:00,312.0,332.0,312.0,314.0,645100,0.0,0.0
2017-02-03 00:00:00+09:00,315.0,322.0,305.0,305.0,311200,0.0,0.0
2017-02-06 00:00:00+09:00,310.0,313.0,306.0,311.0,184100,0.0,0.0
2017-02-07 00:00:00+09:00,312.0,312.0,307.0,309.0,138400,0.0,0.0
2017-02-08 00:00:00+09:00,306.0,314.0,306.0,312.0,131000,0.0,0.0
2017-02-09 00:00:00+09:00,326.0,333.0,321.0,329.0,756800,0.0,0.0
2017-02-10 00:00:00+09:00,333.0,333.0,322.0,328.0,303700,0.0,0.0
2017-02-13 00:00:00+09:00,330.0,332.0,323.0,329.0,166600,0.0,0.0
2017-02-14 00:00:00+09:00,334.0,336.0,325.0,330.0,327400,0.0,0.0
2017-02-15 00:00:00+09:00,333.0,344.0,331.0,342.0,430200,0.0,0.0
2017-02-16 00:00:00+09:00,335.0,337.0,326.0,327.0,353400,0.0,0.0
2017-02-17 00:00:00+09:00,332.0,334.0,326.0,328.0,222500,0.0,0.0
2017-02-20 00:00:00+09:00,330.0,330.0,318.0,323.0,188400,0.0,0.0
2017-02-21 00:00:00+09:00,323.0,323.0,312.0,314.0,191200,0.0,0.0
2017-02-22 00:00:00+09:00,315.0,322.0,315.0,318.0,162800,0.0,0.0
2017-02-23 00:00:00+09:00,318.0,318.0,314.0,315.0,103200,0.0,0.0
2017-02-24 00:00:00+09:00,331.0,333.0,318.0,323.0,444300,0.0,0.0
2017-02-27 00:00:00+09:00,326.0,326.0,316.0,318.0,175600,0.0,0.0
2017-02-28 00:00:00+09:00,319.0,321.0,316.0,316.0,133900,0.0,0.0
2017-03-01 00:00:00+09:00,314.0,320.0,313.0,316.0,138900,0.0,0.0
2017-03-02 00:00:00+09:00,317.0,320.0,315.0,316.0,78800,0.0,0.0
2017-03-03 00:00:00+09:00,317.0,320.0,312.0,318.0,140000,0.0,0.0
2017-03-06 00:00:00+09:00,318.0,318.0,314.0,317.0,76300,0.0,0.0
2017-03-07 00:00:00+09:00,316.0,316.0,312.0,313.0,95800,0.0,0.0
2017-03-08 00:00:00+09:00,315.0,326.0,315.0,318.0,232000,0.0,0.0
2017-03-09 00:00:00+09:00,318.0,319.0,312.0,314.0,126200,0.0,0.0
2017-03-10 00:00:00+09:00,315.0,325.0,315.0,325.0,213500,0.0,0.0
2017-03-13 00:00:00+09:00,330.0,333.0,324.0,327.0,251700,0.0,0.0
2017-03-14 00:00:00+09:00,327.0,327.0,322.0,324.0,114600,0.0,0.0
2017-03-15 00:00:00+09:00,322.0,332.0,322.0,324.0,237500,0.0,0.0
2017-03-16 00:00:00+09:00,328.0,340.0,325.0,340.0,430000,0.0,0.0
2017-03-17 00:00:00+09:00,346.0,347.0,330.0,342.0,416000,0.0,0.0
2017-03-21 00:00:00+09:00,336.0,342.0,324.0,325.0,233400,0.0,0.0
2017-03-22 00:00:00+09:00,322.0,322.0,311.0,314.0,184800,0.0,0.0
2017-03-23 00:00:00+09:00,320.0,320.0,313.0,315.0,60200,0.0,0.0
2017-03-24 00:00:00+09:00,314.0,319.0,314.0,314.0,114000,0.0,0.0
2017-03-27 00:00:00+09:00,311.0,312.0,305.0,309.0,124800,0.0,0.0
2017-03-28 00:00:00+09:00,317.0,322.0,313.0,322.0,166800,0.0,0.0
2017-03-29 00:00:00+09:00,322.0,324.0,316.0,322.0,135900,0.0,0.0
2017-03-30 00:00:00+09:00,324.0,333.0,323.0,333.0,241900,0.0,0.0
2017-03-31 00:00:00+09:00,338.0,342.0,334.0,334.0,218700,0.0,0.0
2017-04-03 00:00:00+09:00,342.0,343.0,324.0,324.0,195700,0.0,0.0
2017-04-04 00:00:00+09:00,329.0,330.0,316.0,318.0,159700,0.0,0.0
2017-04-05 00:00:00+09:00,322.0,325.0,318.0,324.0,96900,0.0,0.0
2017-04-06 00:00:00+09:00,328.0,328.0,315.0,318.0,119700,0.0,0.0
2017-04-07 00:00:00+09:00,317.0,320.0,302.0,313.0,188100,0.0,0.0
2017-04-10 00:00:00+09:00,311.0,318.0,307.0,314.0,93800,0.0,0.0
2017-04-11 00:00:00+09:00,312.0,313.0,301.0,311.0,111500,0.0,0.0
2017-04-12 00:00:00+09:00,306.0,306.0,290.0,294.0,201500,0.0,0.0
2017-04-13 00:00:00+09:00,288.0,293.0,277.0,289.0,183700,0.0,0.0
2017-04-14 00:00:00+09:00,289.0,299.0,286.0,288.0,126800,0.0,0.0
2017-04-17 00:00:00+09:00,277.0,283.0,270.0,282.0,267800,0.0,0.0
2017-04-18 00:00:00+09:00,282.0,286.0,280.0,282.0,121500,0.0,0.0
2017-04-19 00:00:00+09:00,285.0,309.0,285.0,303.0,468700,0.0,0.0
2017-04-20 00:00:00+09:00,301.0,302.0,292.0,298.0,114500,0.0,0.0
2017-04-21 00:00:00+09:00,300.0,300.0,292.0,293.0,81400,0.0,0.0
2017-04-24 00:00:00+09:00,299.0,299.0,285.0,285.0,86200,0.0,0.0
2017-04-25 00:00:00+09:00,282.0,287.0,281.0,282.0,58600,0.0,0.0
2017-04-26 00:00:00+09:00,286.0,290.0,283.0,286.0,58600,0.0,0.0
2017-04-27 00:00:00+09:00,288.0,292.0,285.0,291.0,66400,0.0,0.0
2017-04-28 00:00:00+09:00,291.0,292.0,286.0,286.0,36700,0.0,0.0
2017-05-01 00:00:00+09:00,290.0,292.0,287.0,290.0,51000,0.0,0.0
2017-05-02 00:00:00+09:00,290.0,292.0,287.0,290.0,96600,0.0,0.0
2017-05-08 00:00:00+09:00,295.0,295.0,288.0,291.0,68600,0.0,0.0
2017-05-09 00:00:00+09:00,291.0,294.0,289.0,290.0,95300,0.0,0.0
2017-05-10 00:00:00+09:00,290.0,294.0,290.0,292.0,55500,0.0,0.0
2017-05-11 00:00:00+09:00,293.0,294.0,290.0,292.0,57500,0.0,0.0
2017-05-12 00:00:00+09:00,294.0,294.0,288.0,289.0,78300,0.0,0.0
2017-05-15 00:00:00+09:00,290.0,292.0,287.0,290.0,52600,0.0,0.0
2017-05-16 00:00:00+09:00,289.0,292.0,288.0,290.0,73400,0.0,0.0
2017-05-17 00:00:00+09:00,290.0,297.0,290.0,297.0,134000,0.0,0.0
2017-05-18 00:00:00+09:00,292.0,297.0,291.0,297.0,92900,0.0,0.0
2017-05-19 00:00:00+09:00,296.0,301.0,295.0,299.0,86200,0.0,0.0
2017-05-22 00:00:00+09:00,307.0,308.0,300.0,300.0,108800,0.0,0.0
2017-05-23 00:00:00+09:00,299.0,300.0,296.0,297.0,53800,0.0,0.0
2017-05-24 00:00:00+09:00,298.0,304.0,298.0,302.0,101900,0.0,0.0
2017-05-25 00:00:00+09:00,304.0,304.0,299.0,302.0,56500,0.0,0.0
2017-05-26 00:00:00+09:00,300.0,307.0,300.0,307.0,50300,0.0,0.0
2017-05-29 00:00:00+09:00,307.0,307.0,302.0,304.0,59200,0.0,0.0
2017-05-30 00:00:00+09:00,304.0,306.0,302.0,304.0,71000,0.0,0.0
2017-05-31 00:00:00+09:00,304.0,332.0,303.0,323.0,648000,0.0,0.0
2017-06-01 00:00:00+09:00,326.0,342.0,321.0,326.0,1017000,0.0,0.0
2017-06-02 00:00:00+09:00,330.0,332.0,321.0,326.0,247700,0.0,0.0
2017-06-05 00:00:00+09:00,332.0,374.0,327.0,360.0,2182600,0.0,0.0
2017-06-06 00:00:00+09:00,365.0,365.0,334.0,337.0,801900,0.0,0.0
2017-06-07 00:00:00+09:00,337.0,342.0,327.0,331.0,413100,0.0,0.0
2017-06-08 00:00:00+09:00,328.0,338.0,325.0,335.0,340800,0.0,0.0
2017-06-09 00:00:00+09:00,350.0,378.0,350.0,375.0,2599800,0.0,0.0
2017-06-12 00:00:00+09:00,397.0,440.0,382.0,388.0,4016000,0.0,0.0
2017-06-13 00:00:00+09:00,410.0,410.0,368.0,377.0,963000,0.0,0.0
2017-06-14 00:00:00+09:00,370.0,380.0,351.0,354.0,651400,0.0,0.0
2017-06-15 00:00:00+09:00,353.0,358.0,344.0,351.0,380000,0.0,0.0
2017-06-16 00:00:00+09:00,353.0,398.0,349.0,367.0,1384500,0.0,0.0
2017-06-19 00:00:00+09:00,351.0,370.0,345.0,368.0,666800,0.0,0.0
2017-06-20 00:00:00+09:00,368.0,370.0,356.0,365.0,381300,0.0,0.0
2017-06-21 00:00:00+09:00,357.0,381.0,357.0,378.0,587800,0.0,0.0
2017-06-22 00:00:00+09:00,378.0,381.0,356.0,359.0,782000,0.0,0.0
2017-06-23 00:00:00+09:00,355.0,366.0,341.0,350.0,543000,0.0,0.0
2017-06-26 00:00:00+09:00,354.0,359.0,346.0,354.0,358900,0.0,0.0
2017-06-27 00:00:00+09:00,370.0,370.0,345.0,348.0,591100,0.0,0.0
2017-06-28 00:00:00+09:00,344.0,346.0,328.0,330.0,466800,0.0,0.0
2017-06-29 00:00:00+09:00,334.0,338.0,326.0,336.0,357100,0.0,0.0
2017-06-30 00:00:00+09:00,332.0,345.0,330.0,337.0,364000,0.0,0.0
2017-07-03 00:00:00+09:00,338.0,342.0,329.0,330.0,213800,0.0,0.0
2017-07-04 00:00:00+09:00,333.0,333.0,320.0,325.0,249100,0.0,0.0
2017-07-05 00:00:00+09:00,317.0,321.0,311.0,314.0,261600,0.0,0.0
2017-07-06 00:00:00+09:00,315.0,320.0,312.0,317.0,195800,0.0,0.0
2017-07-07 00:00:00+09:00,318.0,322.0,315.0,322.0,132900,0.0,0.0
2017-07-10 00:00:00+09:00,332.0,332.0,325.0,330.0,180900,0.0,0.0
2017-07-11 00:00:00+09:00,328.0,329.0,324.0,328.0,134100,0.0,0.0
2017-07-12 00:00:00+09:00,326.0,331.0,324.0,325.0,191300,0.0,0.0
2017-07-13 00:00:00+09:00,328.0,331.0,323.0,324.0,140300,0.0,0.0
2017-07-14 00:00:00+09:00,322.0,325.0,312.0,314.0,213400,0.0,0.0
2017-07-17 00:00:00+09:00,314.0,314.0,314.0,314.0,0,0.0,0.0
2017-07-18 00:00:00+09:00,314.0,329.0,314.0,326.0,196500,0.0,0.0
2017-07-19 00:00:00+09:00,319.0,321.0,314.0,316.0,157400,0.0,0.0
2017-07-20 00:00:00+09:00,318.0,319.0,315.0,319.0,85100,0.0,0.0
2017-07-21 00:00:00+09:00,318.0,319.0,316.0,317.0,56400,0.0,0.0
2017-07-24 00:00:00+09:00,321.0,323.0,314.0,318.0,136400,0.0,0.0
2017-07-25 00:00:00+09:00,320.0,327.0,319.0,324.0,92500,0.0,0.0
2017-07-26 00:00:00+09:00,328.0,328.0,319.0,321.0,151900,0.0,0.0
2017-07-27 00:00:00+09:00,320.0,328.0,320.0,323.0,109600,0.0,0.0
2017-07-28 00:00:00+09:00,326.0,326.0,315.0,323.0,142100,0.0,0.0
2017-07-31 00:00:00+09:00,327.0,362.0,324.0,350.0,1454400,0.0,0.0
2017-08-01 00:00:00+09:00,341.0,356.0,341.0,350.0,457800,0.0,0.0
2017-08-02 00:00:00+09:00,344.0,362.0,344.0,361.0,341300,0.0,0.0
2017-08-03 00:00:00+09:00,366.0,401.0,360.0,372.0,1905800,0.0,0.0
2017-08-04 00:00:00+09:00,364.0,372.0,361.0,362.0,347700,0.0,0.0
2017-08-07 00:00:00+09:00,369.0,382.0,361.0,371.0,494900,0.0,0.0
2017-08-08 00:00:00+09:00,372.0,389.0,371.0,388.0,540800,0.0,0.0
2017-08-09 00:00:00+09:00,378.0,379.0,342.0,347.0,613500,0.0,0.0
2017-08-10 00:00:00+09:00,341.0,345.0,326.0,328.0,379700,0.0,0.0
2017-08-11 00:00:00+09:00,328.0,328.0,328.0,328.0,0,0.0,0.0
2017-08-14 00:00:00+09:00,319.0,326.0,311.0,316.0,257000,0.0,0.0
2017-08-15 00:00:00+09:00,308.0,315.0,304.0,310.0,390400,0.0,0.0
2017-08-16 00:00:00+09:00,310.0,323.0,307.0,323.0,181600,0.0,0.0
2017-08-17 00:00:00+09:00,320.0,324.0,318.0,318.0,115100,0.0,0.0
2017-08-18 00:00:00+09:00,316.0,318.0,311.0,311.0,88700,0.0,0.0
2017-08-21 00:00:00+09:00,303.0,315.0,302.0,313.0,276200,0.0,0.0
2017-08-22 00:00:00+09:00,315.0,346.0,315.0,336.0,471700,0.0,0.0
2017-08-23 00:00:00+09:00,352.0,353.0,340.0,347.0,398700,0.0,0.0
2017-08-24 00:00:00+09:00,346.0,346.0,333.0,340.0,184000,0.0,0.0
2017-08-25 00:00:00+09:00,344.0,375.0,334.0,336.0,732100,0.0,0.0
2017-08-28 00:00:00+09:00,337.0,341.0,320.0,333.0,718100,0.0,0.0
2017-08-29 00:00:00+09:00,320.0,327.0,317.0,325.0,196800,0.0,0.0
2017-08-30 00:00:00+09:00,327.0,327.0,318.0,319.0,175800,0.0,0.0
2017-08-31 00:00:00+09:00,321.0,333.0,319.0,329.0,240700,0.0,0.0
2017-09-01 00:00:00+09:00,329.0,331.0,324.0,327.0,92800,0.0,0.0
2017-09-04 00:00:00+09:00,323.0,323.0,315.0,317.0,186600,0.0,0.0
2017-09-05 00:00:00+09:00,317.0,319.0,298.0,302.0,491800,0.0,0.0
2017-09-06 00:00:00+09:00,303.0,310.0,298.0,306.0,205500,0.0,0.0
2017-09-07 00:00:00+09:00,307.0,312.0,302.0,311.0,144500,0.0,0.0
2017-09-08 00:00:00+09:00,309.0,316.0,302.0,302.0,169500,0.0,0.0
2017-09-11 00:00:00+09:00,305.0,320.0,305.0,320.0,214400,0.0,0.0
2017-09-12 00:00:00+09:00,333.0,335.0,317.0,330.0,366900,0.0,0.0
2017-09-13 00:00:00+09:00,341.0,356.0,333.0,356.0,684200,0.0,0.0
2017-09-14 00:00:00+09:00,358.0,365.0,333.0,345.0,1044400,0.0,0.0
2017-09-15 00:00:00+09:00,340.0,380.0,338.0,367.0,1734900,0.0,0.0
2017-09-18 00:00:00+09:00,367.0,367.0,367.0,367.0,0,0.0,0.0
2017-09-19 00:00:00+09:00,359.0,370.0,358.0,362.0,688300,0.0,0.0
2017-09-20 00:00:00+09:00,356.0,357.0,348.0,352.0,371900,0.0,0.0
2017-09-21 00:00:00+09:00,343.0,360.0,333.0,358.0,539700,0.0,0.0
2017-09-22 00:00:00+09:00,353.0,357.0,342.0,347.0,296600,0.0,0.0
2017-09-25 00:00:00+09:00,350.0,367.0,345.0,365.0,671200,0.0,0.0
2017-09-26 00:00:00+09:00,368.0,384.0,367.0,367.0,1501100,0.0,0.0
2017-09-27 00:00:00+09:00,367.0,369.0,347.0,362.0,556200,0.0,0.0
2017-09-28 00:00:00+09:00,382.0,387.0,351.0,354.0,1003600,0.0,0.0
2017-09-29 00:00:00+09:00,347.0,354.0,343.0,348.0,301800,0.0,0.0
2017-10-02 00:00:00+09:00,344.0,352.0,344.0,346.0,179900,0.0,0.0
2017-10-03 00:00:00+09:00,345.0,347.0,330.0,337.0,402300,0.0,0.0
2017-10-04 00:00:00+09:00,336.0,345.0,334.0,334.0,204300,0.0,0.0
2017-10-05 00:00:00+09:00,337.0,342.0,331.0,332.0,125200,0.0,0.0
2017-10-06 00:00:00+09:00,330.0,335.0,327.0,330.0,172900,0.0,0.0
2017-10-09 00:00:00+09:00,330.0,330.0,330.0,330.0,0,0.0,0.0
2017-10-10 00:00:00+09:00,330.0,336.0,327.0,329.0,117200,0.0,0.0
2017-10-11 00:00:00+09:00,333.0,333.0,325.0,325.0,114100,0.0,0.0
2017-10-12 00:00:00+09:00,321.0,329.0,319.0,320.0,255000,0.0,0.0
2017-10-13 00:00:00+09:00,320.0,322.0,317.0,320.0,93900,0.0,0.0
2017-10-16 00:00:00+09:00,329.0,337.0,325.0,336.0,275800,0.0,0.0
2017-10-17 00:00:00+09:00,327.0,327.0,311.0,321.0,553300,0.0,0.0
2017-10-18 00:00:00+09:00,329.0,330.0,317.0,319.0,228900,0.0,0.0
2017-10-19 00:00:00+09:00,319.0,324.0,314.0,321.0,124400,0.0,0.0
2017-10-20 00:00:00+09:00,320.0,325.0,317.0,321.0,73400,0.0,0.0
2017-10-23 00:00:00+09:00,325.0,325.0,320.0,321.0,100100,0.0,0.0
2017-10-24 00:00:00+09:00,320.0,325.0,319.0,323.0,100800,0.0,0.0
2017-10-25 00:00:00+09:00,322.0,332.0,322.0,322.0,246000,0.0,0.0
2017-10-26 00:00:00+09:00,320.0,321.0,311.0,317.0,380400,0.0,0.0
2017-10-27 00:00:00+09:00,316.0,328.0,316.0,324.0,222300,0.0,0.0
2017-10-30 00:00:00+09:00,328.0,333.0,326.0,330.0,144300,0.0,0.0
2017-10-31 00:00:00+09:00,327.0,332.0,327.0,329.0,119500,0.0,0.0
2017-11-01 00:00:00+09:00,330.0,332.0,325.0,329.0,144300,0.0,0.0
2017-11-02 00:00:00+09:00,334.0,334.0,327.0,330.0,87400,0.0,0.0
2017-11-03 00:00:00+09:00,330.0,330.0,330.0,330.0,0,0.0,0.0
2017-11-06 00:00:00+09:00,330.0,334.0,323.0,323.0,126300,0.0,0.0
2017-11-07 00:00:00+09:00,320.0,328.0,318.0,323.0,118600,0.0,0.0
2017-11-08 00:00:00+09:00,321.0,328.0,319.0,326.0,112900,0.0,0.0
2017-11-09 00:00:00+09:00,326.0,328.0,309.0,316.0,286200,0.0,0.0
2017-11-10 00:00:00+09:00,313.0,325.0,311.0,324.0,252800,0.0,0.0
2017-11-13 00:00:00+09:00,324.0,324.0,318.0,318.0,59400,0.0,0.0
2017-11-14 00:00:00+09:00,325.0,325.0,316.0,316.0,87300,0.0,0.0
2017-11-15 00:00:00+09:00,317.0,319.0,311.0,314.0,126400,0.0,0.0
2017-11-16 00:00:00+09:00,316.0,320.0,314.0,318.0,78300,0.0,0.0
2017-11-17 00:00:00+09:00,318.0,319.0,312.0,312.0,124200,0.0,0.0
2017-11-20 00:00:00+09:00,313.0,322.0,312.0,321.0,109300,0.0,0.0
2017-11-21 00:00:00+09:00,323.0,324.0,317.0,317.0,66400,0.0,0.0
2017-11-22 00:00:00+09:00,317.0,321.0,317.0,317.0,66800,0.0,0.0
2017-11-23 00:00:00+09:00,317.0,317.0,317.0,317.0,0,0.0,0.0
2017-11-24 00:00:00+09:00,318.0,319.0,314.0,314.0,100700,0.0,0.0
2017-11-27 00:00:00+09:00,317.0,317.0,314.0,316.0,55100,0.0,0.0
2017-11-28 00:00:00+09:00,314.0,340.0,312.0,314.0,1033000,0.0,0.0
2017-11-29 00:00:00+09:00,316.0,318.0,314.0,315.0,111300,0.0,0.0
2017-11-30 00:00:00+09:00,315.0,315.0,308.0,313.0,217600,0.0,0.0
2017-12-01 00:00:00+09:00,314.0,320.0,312.0,319.0,132200,0.0,0.0
2017-12-04 00:00:00+09:00,319.0,325.0,315.0,322.0,344700,0.0,0.0
2017-12-05 00:00:00+09:00,319.0,321.0,314.0,316.0,118200,0.0,0.0
2017-12-06 00:00:00+09:00,316.0,320.0,309.0,311.0,242800,0.0,0.0
2017-12-07 00:00:00+09:00,311.0,314.0,308.0,311.0,101000,0.0,0.0
2017-12-08 00:00:00+09:00,310.0,311.0,308.0,308.0,154300,0.0,0.0
2017-12-11 00:00:00+09:00,306.0,315.0,303.0,312.0,412400,0.0,0.0
2017-12-12 00:00:00+09:00,313.0,354.0,311.0,331.0,4827200,0.0,0.0
2017-12-13 00:00:00+09:00,339.0,345.0,318.0,320.0,1037200,0.0,0.0
2017-12-14 00:00:00+09:00,319.0,330.0,316.0,328.0,427300,0.0,0.0
2017-12-15 00:00:00+09:00,329.0,329.0,319.0,322.0,270900,0.0,0.0
2017-12-18 00:00:00+09:00,321.0,321.0,316.0,316.0,161000,0.0,0.0
2017-12-19 00:00:00+09:00,317.0,322.0,312.0,320.0,251200,0.0,0.0
2017-12-20 00:00:00+09:00,317.0,318.0,312.0,312.0,151200,0.0,0.0
2017-12-21 00:00:00+09:00,313.0,314.0,310.0,311.0,189500,0.0,0.0
2017-12-22 00:00:00+09:00,310.0,313.0,308.0,312.0,263700,0.0,0.0
2017-12-25 00:00:00+09:00,310.0,313.0,309.0,311.0,191500,0.0,0.0
2017-12-26 00:00:00+09:00,322.0,322.0,310.0,317.0,441300,0.0,0.0
2017-12-27 00:00:00+09:00,315.0,322.0,314.0,322.0,179600,0.0,0.0
2017-12-28 00:00:00+09:00,317.0,322.0,315.0,315.0,161300,0.0,0.0
2017-12-29 00:00:00+09:00,322.0,334.0,315.0,328.0,791300,0.0,0.0
2018-01-01 00:00:00+09:00,328.0,328.0,328.0,328.0,0,0.0,0.0
2018-01-02 00:00:00+09:00,328.0,328.0,328.0,328.0,0,0.0,0.0
2018-01-03 00:00:00+09:00,328.0,328.0,328.0,328.0,0,0.0,0.0
2018-01-04 00:00:00+09:00,328.0,334.0,325.0,328.0,227300,0.0,0.0
2018-01-05 00:00:00+09:00,328.0,341.0,328.0,340.0,306200,0.0,0.0
2018-01-08 00:00:00+09:00,340.0,340.0,340.0,340.0,0,0.0,0.0
2018-01-09 00:00:00+09:00,345.0,347.0,342.0,345.0,367400,0.0,0.0
2018-01-10 00:00:00+09:00,343.0,343.0,334.0,339.0,242700,0.0,0.0
2018-01-11 00:00:00+09:00,339.0,343.0,332.0,339.0,171900,0.0,0.0
2018-01-12 00:00:00+09:00,337.0,350.0,337.0,349.0,367500,0.0,0.0
2018-01-15 00:00:00+09:00,350.0,353.0,344.0,352.0,400200,0.0,0.0
2018-01-16 00:00:00+09:00,400.0,415.0,373.0,373.0,4714200,0.0,0.0
2018-01-17 00:00:00+09:00,372.0,372.0,349.0,365.0,1010100,0.0,0.0
2018-01-18 00:00:00+09:00,445.0,445.0,440.0,445.0,2162700,0.0,0.0
2018-01-19 00:00:00+09:00,453.0,455.0,387.0,393.0,5589700,0.0,0.0
2018-01-22 00:00:00+09:00,392.0,411.0,384.0,404.0,1619100,0.0,0.0
2018-01-23 00:00:00+09:00,408.0,427.0,399.0,405.0,2115500,0.0,0.0
2018-01-24 00:00:00+09:00,399.0,407.0,391.0,406.0,831000,0.0,0.0
2018-01-25 00:00:00+09:00,400.0,403.0,392.0,393.0,462300,0.0,0.0
2018-01-26 00:00:00+09:00,391.0,411.0,387.0,407.0,573200,0.0,0.0
2018-01-29 00:00:00+09:00,401.0,403.0,372.0,378.0,1136500,0.0,0.0
2018-01-30 00:00:00+09:00,383.0,383.0,363.0,367.0,791300,0.0,0.0
2018-01-31 00:00:00+09:00,361.0,369.0,355.0,363.0,579500,0.0,0.0
2018-02-01 00:00:00+09:00,368.0,385.0,361.0,384.0,807600,0.0,0.0
2018-02-02 00:00:00+09:00,381.0,383.0,367.0,373.0,451000,0.0,0.0
2018-02-05 00:00:00+09:00,370.0,370.0,356.0,363.0,459600,0.0,0.0
2018-02-06 00:00:00+09:00,319.0,343.0,317.0,330.0,1055400,0.0,0.0
2018-02-07 00:00:00+09:00,342.0,348.0,323.0,329.0,437400,0.0,0.0
2018-02-08 00:00:00+09:00,331.0,348.0,331.0,345.0,408900,0.0,0.0
2018-02-09 00:00:00+09:00,324.0,338.0,322.0,337.0,476900,0.0,0.0
2018-02-12 00:00:00+09:00,337.0,337.0,337.0,337.0,0,0.0,0.0
2018-02-13 00:00:00+09:00,345.0,347.0,330.0,331.0,329700,0.0,0.0
2018-02-14 00:00:00+09:00,331.0,338.0,313.0,317.0,499600,0.0,0.0
2018-02-15 00:00:00+09:00,319.0,338.0,317.0,331.0,427200,0.0,0.0
2018-02-16 00:00:00+09:00,333.0,337.0,327.0,331.0,287200,0.0,0.0
2018-02-19 00:00:00+09:00,327.0,340.0,325.0,339.0,481200,0.0,0.0
2018-02-20 00:00:00+09:00,337.0,342.0,333.0,340.0,237400,0.0,0.0
2018-02-21 00:00:00+09:00,341.0,350.0,336.0,342.0,462700,0.0,0.0
2018-02-22 00:00:00+09:00,344.0,347.0,328.0,329.0,522500,0.0,0.0
2018-02-23 00:00:00+09:00,331.0,338.0,328.0,333.0,355500,0.0,0.0
2018-02-26 00:00:00+09:00,335.0,349.0,334.0,344.0,348300,0.0,0.0
2018-02-27 00:00:00+09:00,351.0,368.0,344.0,365.0,798400,0.0,0.0
2018-02-28 00:00:00+09:00,350.0,389.0,348.0,371.0,2114200,0.0,0.0
2018-03-01 00:00:00+09:00,368.0,369.0,355.0,359.0,583600,0.0,0.0
2018-03-02 00:00:00+09:00,348.0,359.0,341.0,357.0,673700,0.0,0.0
2018-03-05 00:00:00+09:00,354.0,357.0,329.0,330.0,808200,0.0,0.0
2018-03-06 00:00:00+09:00,338.0,348.0,335.0,347.0,494400,0.0,0.0
2018-03-07 00:00:00+09:00,349.0,349.0,333.0,336.0,348700,0.0,0.0
2018-03-08 00:00:00+09:00,341.0,344.0,337.0,339.0,214700,0.0,0.0
2018-03-09 00:00:00+09:00,342.0,344.0,336.0,339.0,231000,0.0,0.0
2018-03-12 00:00:00+09:00,343.0,349.0,341.0,345.0,310100,0.0,0.0
2018-03-13 00:00:00+09:00,344.0,352.0,340.0,341.0,275000,0.0,0.0
2018-03-14 00:00:00+09:00,340.0,343.0,337.0,340.0,204200,0.0,0.0
2018-03-15 00:00:00+09:00,341.0,348.0,333.0,347.0,392200,0.0,0.0
2018-03-16 00:00:00+09:00,347.0,361.0,343.0,357.0,761900,0.0,0.0
2018-03-19 00:00:00+09:00,358.0,365.0,342.0,346.0,650500,0.0,0.0
2018-03-20 00:00:00+09:00,339.0,348.0,339.0,344.0,207300,0.0,0.0
2018-03-21 00:00:00+09:00,344.0,344.0,344.0,344.0,0,0.0,0.0
2018-03-22 00:00:00+09:00,345.0,350.0,337.0,337.0,405100,0.0,0.0
2018-03-23 00:00:00+09:00,330.0,336.0,330.0,333.0,337500,0.0,0.0
2018-03-26 00:00:00+09:00,327.0,336.0,320.0,334.0,450100,0.0,0.0
2018-03-27 00:00:00+09:00,340.0,365.0,337.0,358.0,914800,0.0,0.0
2018-03-28 00:00:00+09:00,350.0,359.0,345.0,350.0,442600,0.0,0.0
2018-03-29 00:00:00+09:00,355.0,365.0,350.0,357.0,623900,0.0,0.0
2018-03-30 00:00:00+09:00,359.0,375.0,356.0,367.0,779500,0.0,0.0
2018-04-02 00:00:00+09:00,368.0,370.0,351.0,354.0,583600,0.0,0.0
2018-04-03 00:00:00+09:00,341.0,358.0,341.0,353.0,306800,0.0,0.0
2018-04-04 00:00:00+09:00,355.0,356.0,346.0,347.0,252100,0.0,0.0
2018-04-05 00:00:00+09:00,348.0,356.0,344.0,352.0,212900,0.0,0.0
2018-04-06 00:00:00+09:00,353.0,358.0,346.0,354.0,365400,0.0,0.0
2018-04-09 00:00:00+09:00,353.0,361.0,351.0,360.0,200400,0.0,0.0
2018-04-10 00:00:00+09:00,359.0,366.0,349.0,349.0,478800,0.0,0.0
2018-04-11 00:00:00+09:00,351.0,352.0,343.0,346.0,293200,0.0,0.0
2018-04-12 00:00:00+09:00,343.0,354.0,340.0,352.0,308400,0.0,0.0
2018-04-13 00:00:00+09:00,353.0,358.0,347.0,354.0,214700,0.0,0.0
2018-04-16 00:00:00+09:00,360.0,370.0,358.0,368.0,717200,0.0,0.0
2018-04-17 00:00:00+09:00,352.0,354.0,329.0,332.0,1231800,0.0,0.0
2018-04-18 00:00:00+09:00,335.0,335.0,318.0,326.0,773000,0.0,0.0
2018-04-19 00:00:00+09:00,330.0,332.0,316.0,320.0,681600,0.0,0.0
2018-04-20 00:00:00+09:00,327.0,337.0,321.0,332.0,567500,0.0,0.0
2018-04-23 00:00:00+09:00,336.0,336.0,327.0,332.0,245100,0.0,0.0
2018-04-24 00:00:00+09:00,332.0,338.0,330.0,333.0,144300,0.0,0.0
2018-04-25 00:00:00+09:00,332.0,336.0,327.0,330.0,159600,0.0,0.0
2018-04-26 00:00:00+09:00,331.0,334.0,328.0,329.0,158000,0.0,0.0
2018-04-27 00:00:00+09:00,328.0,332.0,328.0,329.0,130700,0.0,0.0
2018-04-30 00:00:00+09:00,329.0,329.0,329.0,329.0,0,0.0,0.0
2018-05-01 00:00:00+09:00,328.0,330.0,324.0,325.0,146700,0.0,0.0
2018-05-02 00:00:00+09:00,325.0,333.0,325.0,331.0,144500,0.0,0.0
2018-05-03 00:00:00+09:00,331.0,331.0,331.0,331.0,0,0.0,0.0
2018-05-04 00:00:00+09:00,331.0,331.0,331.0,331.0,0,0.0,0.0
2018-05-07 00:00:00+09:00,333.0,333.0,328.0,330.0,128700,0.0,0.0
2018-05-08 00:00:00+09:00,330.0,337.0,330.0,334.0,149300,0.0,0.0
2018-05-09 00:00:00+09:00,335.0,335.0,330.0,333.0,80800,0.0,0.0
2018-05-10 00:00:00+09:00,334.0,337.0,331.0,334.0,222100,0.0,0.0
2018-05-11 00:00:00+09:00,333.0,333.0,330.0,331.0,93800,0.0,0.0
2018-05-14 00:00:00+09:00,332.0,332.0,327.0,330.0,158800,0.0,0.0
2018-05-15 00:00:00+09:00,330.0,330.0,324.0,327.0,147700,0.0,0.0
2018-05-16 00:00:00+09:00,327.0,330.0,322.0,322.0,208800,0.0,0.0
2018-05-17 00:00:00+09:00,327.0,327.0,321.0,324.0,122300,0.0,0.0
2018-05-18 00:00:00+09:00,325.0,326.0,320.0,324.0,105600,0.0,0.0
2018-05-21 00:00:00+09:00,325.0,329.0,324.0,326.0,149500,0.0,0.0
2018-05-22 00:00:00+09:00,326.0,330.0,326.0,327.0,76500,0.0,0.0
2018-05-23 00:00:00+09:00,326.0,328.0,324.0,324.0,111200,0.0,0.0
2018-05-24 00:00:00+09:00,324.0,332.0,323.0,328.0,129400,0.0,0.0
2018-05-25 00:00:00+09:00,326.0,328.0,321.0,324.0,92300,0.0,0.0
2018-05-28 00:00:00+09:00,327.0,327.0,322.0,325.0,92700,0.0,0.0
2018-05-29 00:00:00+09:00,324.0,324.0,308.0,313.0,379500,0.0,0.0
2018-05-30 00:00:00+09:00,306.0,311.0,300.0,310.0,269300,0.0,0.0
2018-05-31 00:00:00+09:00,310.0,316.0,306.0,314.0,195000,0.0,0.0
2018-06-01 00:00:00+09:00,314.0,319.0,313.0,315.0,106600,0.0,0.0
2018-06-04 00:00:00+09:00,317.0,317.0,310.0,312.0,118100,0.0,0.0
2018-06-05 00:00:00+09:00,312.0,313.0,304.0,307.0,143300,0.0,0.0
2018-06-06 00:00:00+09:00,311.0,312.0,303.0,312.0,90100,0.0,0.0
2018-06-07 00:00:00+09:00,316.0,321.0,314.0,320.0,215700,0.0,0.0
2018-06-08 00:00:00+09:00,321.0,324.0,316.0,324.0,104700,0.0,0.0
2018-06-11 00:00:00+09:00,327.0,342.0,323.0,342.0,482900,0.0,0.0
2018-06-12 00:00:00+09:00,340.0,340.0,334.0,337.0,193100,0.0,0.0
2018-06-13 00:00:00+09:00,334.0,338.0,328.0,331.0,130000,0.0,0.0
2018-06-14 00:00:00+09:00,345.0,352.0,334.0,346.0,692800,0.0,0.0
2018-06-15 00:00:00+09:00,343.0,345.0,331.0,333.0,300600,0.0,0.0
2018-06-18 00:00:00+09:00,333.0,334.0,324.0,330.0,266200,0.0,0.0
2018-06-19 00:00:00+09:00,331.0,333.0,318.0,323.0,307200,0.0,0.0
2018-06-20 00:00:00+09:00,324.0,325.0,310.0,322.0,421000,0.0,0.0
2018-06-21 00:00:00+09:00,320.0,326.0,318.0,319.0,165500,0.0,0.0
2018-06-22 00:00:00+09:00,327.0,337.0,324.0,334.0,579200,0.0,0.0
2018-06-25 00:00:00+09:00,332.0,334.0,320.0,321.0,231700,0.0,0.0
2018-06-26 00:00:00+09:00,318.0,330.0,317.0,330.0,200200,0.0,0.0
2018-06-27 00:00:00+09:00,326.0,331.0,324.0,327.0,123000,0.0,0.0
2018-06-28 00:00:00+09:00,329.0,329.0,320.0,324.0,104900,0.0,0.0
2018-06-29 00:00:00+09:00,326.0,328.0,321.0,326.0,96600,0.0,0.0
2018-07-02 00:00:00+09:00,329.0,330.0,319.0,319.0,162400,0.0,0.0
2018-07-03 00:00:00+09:00,322.0,327.0,315.0,318.0,180600,0.0,0.0
2018-07-04 00:00:00+09:00,318.0,318.0,311.0,316.0,113700,0.0,0.0
2018-07-05 00:00:00+09:00,315.0,319.0,306.0,306.0,257300,0.0,0.0
2018-07-06 00:00:00+09:00,309.0,322.0,308.0,318.0,128900,0.0,0.0
2018-07-09 00:00:00+09:00,316.0,326.0,315.0,324.0,197000,0.0,0.0
2018-07-10 00:00:00+09:00,326.0,328.0,322.0,325.0,101500,0.0,0.0
2018-07-11 00:00:00+09:00,324.0,333.0,320.0,331.0,214100,0.0,0.0
2018-07-12 00:00:00+09:00,329.0,338.0,324.0,337.0,233800,0.0,0.0
2018-07-13 00:00:00+09:00,335.0,339.0,331.0,338.0,301100,0.0,0.0
2018-07-16 00:00:00+09:00,338.0,338.0,338.0,338.0,0,0.0,0.0
2018-07-17 00:00:00+09:00,337.0,337.0,315.0,316.0,504900,0.0,0.0
2018-07-18 00:00:00+09:00,325.0,328.0,318.0,318.0,335200,0.0,0.0
2018-07-19 00:00:00+09:00,311.0,318.0,309.0,312.0,360000,0.0,0.0
2018-07-20 00:00:00+09:00,313.0,318.0,309.0,312.0,237500,0.0,0.0
2018-07-23 00:00:00+09:00,312.0,320.0,310.0,316.0,138600,0.0,0.0
2018-07-24 00:00:00+09:00,318.0,320.0,313.0,319.0,87900,0.0,0.0
2018-07-25 00:00:00+09:00,320.0,325.0,318.0,321.0,167900,0.0,0.0
2018-07-26 00:00:00+09:00,325.0,325.0,318.0,319.0,85700,0.0,0.0
2018-07-27 00:00:00+09:00,317.0,322.0,315.0,317.0,136400,0.0,0.0
2018-07-30 00:00:00+09:00,317.0,317.0,314.0,314.0,107000,0.0,0.0
2018-07-31 00:00:00+09:00,314.0,316.0,312.0,315.0,123000,0.0,0.0
2018-08-01 00:00:00+09:00,315.0,315.0,310.0,314.0,71700,0.0,0.0
2018-08-02 00:00:00+09:00,313.0,314.0,311.0,313.0,53000,0.0,0.0
2018-08-03 00:00:00+09:00,314.0,314.0,308.0,314.0,156600,0.0,0.0
2018-08-06 00:00:00+09:00,312.0,312.0,309.0,311.0,78200,0.0,0.0
2018-08-07 00:00:00+09:00,315.0,315.0,308.0,309.0,158000,0.0,0.0
2018-08-08 00:00:00+09:00,309.0,315.0,307.0,315.0,174200,0.0,0.0
2018-08-09 00:00:00+09:00,315.0,317.0,311.0,314.0,117300,0.0,0.0
2018-08-10 00:00:00+09:00,312.0,316.0,312.0,312.0,89400,0.0,0.0
2018-08-13 00:00:00+09:00,313.0,313.0,307.0,308.0,157600,0.0,0.0
2018-08-14 00:00:00+09:00,309.0,310.0,306.0,309.0,155700,0.0,0.0
2018-08-15 00:00:00+09:00,309.0,310.0,306.0,309.0,134400,0.0,0.0
2018-08-16 00:00:00+09:00,306.0,316.0,305.0,316.0,160600,0.0,0.0
2018-08-17 00:00:00+09:00,316.0,326.0,315.0,321.0,222500,0.0,0.0
2018-08-20 00:00:00+09:00,320.0,325.0,315.0,316.0,124900,0.0,0.0
2018-08-21 00:00:00+09:00,317.0,327.0,312.0,326.0,249200,0.0,0.0
2018-08-22 00:00:00+09:00,325.0,330.0,319.0,328.0,223400,0.0,0.0
2018-08-23 00:00:00+09:00,327.0,331.0,323.0,330.0,130900,0.0,0.0
2018-08-24 00:00:00+09:00,330.0,330.0,327.0,328.0,94000,0.0,0.0
2018-08-27 00:00:00+09:00,329.0,333.0,324.0,331.0,165200,0.0,0.0
2018-08-28 00:00:00+09:00,330.0,332.0,323.0,332.0,144500,0.0,0.0
2018-08-29 00:00:00+09:00,331.0,333.0,324.0,329.0,126100,0.0,0.0
2018-08-30 00:00:00+09:00,332.0,353.0,329.0,346.0,1054000,0.0,0.0
2018-08-31 00:00:00+09:00,338.0,342.0,327.0,332.0,961800,0.0,0.0
2018-09-03 00:00:00+09:00,328.0,328.0,318.0,323.0,267900,0.0,0.0
2018-09-04 00:00:00+09:00,321.0,327.0,318.0,324.0,223100,0.0,0.0
2018-09-05 00:00:00+09:00,323.0,326.0,321.0,324.0,95700,0.0,0.0
2018-09-06 00:00:00+09:00,324.0,324.0,317.0,319.0,149300,0.0,0.0
2018-09-07 00:00:00+09:00,316.0,332.0,315.0,323.0,302100,0.0,0.0
2018-09-10 00:00:00+09:00,320.0,326.0,320.0,326.0,113200,0.0,0.0
2018-09-11 00:00:00+09:00,325.0,330.0,322.0,323.0,100400,0.0,0.0
2018-09-12 00:00:00+09:00,328.0,328.0,323.0,328.0,140500,0.0,0.0
2018-09-13 00:00:00+09:00,325.0,332.0,325.0,332.0,176000,0.0,0.0
2018-09-14 00:00:00+09:00,332.0,335.0,327.0,333.0,148800,0.0,0.0
2018-09-17 00:00:00+09:00,333.0,333.0,333.0,333.0,0,0.0,0.0
2018-09-18 00:00:00+09:00,331.0,331.0,320.0,323.0,273400,0.0,0.0
2018-09-19 00:00:00+09:00,322.0,325.0,317.0,322.0,237100,0.0,0.0
2018-09-20 00:00:00+09:00,322.0,322.0,316.0,319.0,169200,0.0,0.0
2018-09-21 00:00:00+09:00,317.0,321.0,317.0,319.0,129500,0.0,0.0
2018-09-24 00:00:00+09:00,319.0,319.0,319.0,319.0,0,0.0,0.0
2018-09-25 00:00:00+09:00,319.0,320.0,316.0,318.0,111900,0.0,0.0
2018-09-26 00:00:00+09:00,318.0,327.0,317.0,325.0,188800,0.0,0.0
2018-09-27 00:00:00+09:00,327.0,328.0,319.0,319.0,114300,0.0,0.0
2018-09-28 00:00:00+09:00,320.0,324.0,319.0,320.0,59500,0.0,0.0
2018-10-01 00:00:00+09:00,321.0,324.0,321.0,321.0,51400,0.0,0.0
2018-10-02 00:00:00+09:00,320.0,323.0,320.0,321.0,119000,0.0,0.0
2018-10-03 00:00:00+09:00,321.0,325.0,320.0,320.0,114500,0.0,0.0
2018-10-04 00:00:00+09:00,323.0,323.0,320.0,322.0,58100,0.0,0.0
2018-10-05 00:00:00+09:00,321.0,323.0,318.0,319.0,60800,0.0,0.0
2018-10-08 00:00:00+09:00,319.0,319.0,319.0,319.0,0,0.0,0.0
2018-10-09 00:00:00+09:00,318.0,327.0,314.0,326.0,237400,0.0,0.0
2018-10-10 00:00:00+09:00,323.0,326.0,320.0,325.0,123200,0.0,0.0
2018-10-11 00:00:00+09:00,311.0,318.0,311.0,314.0,234100,0.0,0.0
2018-10-12 00:00:00+09:00,313.0,318.0,311.0,316.0,242300,0.0,0.0
2018-10-15 00:00:00+09:00,319.0,321.0,307.0,317.0,648500,0.0,0.0
2018-10-16 00:00:00+09:00,297.0,300.0,290.0,292.0,636900,0.0,0.0
2018-10-17 00:00:00+09:00,294.0,296.0,275.0,275.0,943700,0.0,0.0
2018-10-18 00:00:00+09:00,279.0,281.0,276.0,280.0,238500,0.0,0.0
2018-10-19 00:00:00+09:00,279.0,281.0,276.0,278.0,146500,0.0,0.0
2018-10-22 00:00:00+09:00,273.0,283.0,273.0,282.0,156900,0.0,0.0
2018-10-23 00:00:00+09:00,279.0,285.0,277.0,283.0,110700,0.0,0.0
2018-10-24 00:00:00+09:00,283.0,283.0,279.0,280.0,103900,0.0,0.0
2018-10-25 00:00:00+09:00,270.0,274.0,253.0,254.0,517200,0.0,0.0
2018-10-26 00:00:00+09:00,258.0,261.0,237.0,241.0,541800,0.0,0.0
2018-10-29 00:00:00+09:00,257.0,261.0,240.0,241.0,208300,0.0,0.0
2018-10-30 00:00:00+09:00,238.0,250.0,236.0,249.0,205600,0.0,0.0
2018-10-31 00:00:00+09:00,246.0,255.0,246.0,253.0,123000,0.0,0.0
2018-11-01 00:00:00+09:00,254.0,258.0,250.0,254.0,111000,0.0,0.0
2018-11-02 00:00:00+09:00,259.0,270.0,254.0,258.0,396200,0.0,0.0
2018-11-05 00:00:00+09:00,258.0,258.0,250.0,251.0,213500,0.0,0.0
2018-11-06 00:00:00+09:00,249.0,251.0,245.0,247.0,136500,0.0,0.0
2018-11-07 00:00:00+09:00,247.0,258.0,246.0,256.0,221200,0.0,0.0
2018-11-08 00:00:00+09:00,259.0,275.0,257.0,273.0,311300,0.0,0.0
2018-11-09 00:00:00+09:00,271.0,271.0,264.0,267.0,315200,0.0,0.0
2018-11-12 00:00:00+09:00,269.0,270.0,263.0,267.0,93900,0.0,0.0
2018-11-13 00:00:00+09:00,264.0,267.0,258.0,266.0,169500,0.0,0.0
2018-11-14 00:00:00+09:00,263.0,264.0,259.0,260.0,68300,0.0,0.0
2018-11-15 00:00:00+09:00,260.0,260.0,253.0,256.0,103300,0.0,0.0
2018-11-16 00:00:00+09:00,253.0,257.0,244.0,247.0,210000,0.0,0.0
2018-11-19 00:00:00+09:00,240.0,247.0,237.0,245.0,237300,0.0,0.0
2018-11-20 00:00:00+09:00,243.0,247.0,239.0,244.0,82500,0.0,0.0
2018-11-21 00:00:00+09:00,238.0,254.0,228.0,251.0,431700,0.0,0.0
2018-11-22 00:00:00+09:00,250.0,253.0,244.0,253.0,101400,0.0,0.0
2018-11-23 00:00:00+09:00,253.0,253.0,253.0,253.0,0,0.0,0.0
2018-11-26 00:00:00+09:00,255.0,267.0,249.0,267.0,274700,0.0,0.0
2018-11-27 00:00:00+09:00,268.0,274.0,263.0,270.0,177600,0.0,0.0
2018-11-28 00:00:00+09:00,267.0,276.0,266.0,273.0,405100,0.0,0.0
2018-11-29 00:00:00+09:00,275.0,275.0,267.0,267.0,115800,0.0,0.0
2018-11-30 00:00:00+09:00,273.0,274.0,266.0,268.0,200600,0.0,0.0
2018-12-03 00:00:00+09:00,267.0,273.0,266.0,266.0,104900,0.0,0.0
2018-12-04 00:00:00+09:00,265.0,269.0,259.0,260.0,268900,0.0,0.0
2018-12-05 00:00:00+09:00,253.0,262.0,251.0,257.0,199200,0.0,0.0
2018-12-06 00:00:00+09:00,258.0,258.0,249.0,251.0,118900,0.0,0.0
2018-12-07 00:00:00+09:00,250.0,265.0,249.0,251.0,222800,0.0,0.0
2018-12-10 00:00:00+09:00,248.0,249.0,241.0,243.0,122000,0.0,0.0
2018-12-11 00:00:00+09:00,251.0,251.0,233.0,234.0,394000,0.0,0.0
2018-12-12 00:00:00+09:00,231.0,239.0,225.0,236.0,283800,0.0,0.0
2018-12-13 00:00:00+09:00,230.0,248.0,230.0,247.0,158900,0.0,0.0
2018-12-14 00:00:00+09:00,252.0,252.0,242.0,242.0,245300,0.0,0.0
2018-12-17 00:00:00+09:00,239.0,240.0,233.0,234.0,83300,0.0,0.0
2018-12-18 00:00:00+09:00,230.0,230.0,219.0,220.0,215500,0.0,0.0
2018-12-19 00:00:00+09:00,220.0,225.0,209.0,212.0,360400,0.0,0.0
2018-12-20 00:00:00+09:00,204.0,209.0,187.0,197.0,565800,0.0,0.0
2018-12-21 00:00:00+09:00,189.0,195.0,184.0,187.0,318300,0.0,0.0
2018-12-24 00:00:00+09:00,187.0,187.0,187.0,187.0,0,0.0,0.0
2018-12-25 00:00:00+09:00,172.0,173.0,160.0,165.0,594700,0.0,0.0
2018-12-26 00:00:00+09:00,171.0,178.0,170.0,177.0,189800,0.0,0.0
2018-12-27 00:00:00+09:00,182.0,190.0,180.0,186.0,233200,0.0,0.0
2018-12-28 00:00:00+09:00,182.0,189.0,182.0,184.0,105400,0.0,0.0
2018-12-31 00:00:00+09:00,184.0,184.0,184.0,184.0,0,0.0,0.0
2019-01-04 00:00:00+09:00,177.0,184.0,174.0,184.0,93200,0.0,0.0
2019-01-07 00:00:00+09:00,186.0,193.0,186.0,192.0,114600,0.0,0.0
2019-01-08 00:00:00+09:00,190.0,196.0,189.0,189.0,130700,0.0,0.0
2019-01-09 00:00:00+09:00,190.0,195.0,186.0,192.0,127900,0.0,0.0
2019-01-10 00:00:00+09:00,191.0,191.0,183.0,187.0,92200,0.0,0.0
2019-01-11 00:00:00+09:00,185.0,189.0,183.0,183.0,100800,0.0,0.0
2019-01-15 00:00:00+09:00,188.0,227.0,186.0,215.0,1677000,0.0,0.0
2019-01-16 00:00:00+09:00,207.0,209.0,195.0,204.0,592800,0.0,0.0
2019-01-17 00:00:00+09:00,204.0,207.0,198.0,202.0,160900,0.0,0.0
2019-01-18 00:00:00+09:00,200.0,212.0,200.0,204.0,259500,0.0,0.0
2019-01-21 00:00:00+09:00,207.0,209.0,200.0,202.0,133700,0.0,0.0
2019-01-22 00:00:00+09:00,207.0,207.0,196.0,196.0,133900,0.0,0.0
2019-01-23 00:00:00+09:00,195.0,200.0,194.0,197.0,71100,0.0,0.0
2019-01-24 00:00:00+09:00,197.0,197.0,194.0,196.0,60600,0.0,0.0
2019-01-25 00:00:00+09:00,194.0,205.0,194.0,204.0,146800,0.0,0.0
2019-01-28 00:00:00+09:00,203.0,207.0,198.0,198.0,75400,0.0,0.0
2019-01-29 00:00:00+09:00,200.0,200.0,196.0,197.0,91400,0.0,0.0
2019-01-30 00:00:00+09:00,198.0,200.0,193.0,193.0,131000,0.0,0.0
2019-01-31 00:00:00+09:00,195.0,197.0,194.0,196.0,75900,0.0,0.0
2019-02-01 00:00:00+09:00,195.0,208.0,195.0,201.0,214100,0.0,0.0
2019-02-04 00:00:00+09:00,202.0,219.0,202.0,217.0,421900,0.0,0.0
2019-02-05 00:00:00+09:00,225.0,225.0,208.0,210.0,458500,0.0,0.0
2019-02-06 00:00:00+09:00,212.0,218.0,210.0,213.0,96300,0.0,0.0
2019-02-07 00:00:00+09:00,214.0,214.0,206.0,206.0,99100,0.0,0.0
2019-02-08 00:00:00+09:00,204.0,212.0,202.0,202.0,131900,0.0,0.0
2019-02-12 00:00:00+09:00,204.0,209.0,200.0,204.0,170000,0.0,0.0
2019-02-13 00:00:00+09:00,208.0,210.0,204.0,207.0,123800,0.0,0.0
2019-02-14 00:00:00+09:00,209.0,210.0,203.0,205.0,56700,0.0,0.0
2019-02-15 00:00:00+09:00,202.0,205.0,200.0,204.0,102000,0.0,0.0
2019-02-18 00:00:00+09:00,204.0,207.0,201.0,204.0,199600,0.0,0.0
2019-02-19 00:00:00+09:00,204.0,214.0,204.0,210.0,151900,0.0,0.0
2019-02-20 00:00:00+09:00,210.0,213.0,208.0,211.0,114300,0.0,0.0
2019-02-21 00:00:00+09:00,209.0,211.0,205.0,208.0,89600,0.0,0.0
2019-02-22 00:00:00+09:00,210.0,211.0,205.0,208.0,104100,0.0,0.0
2019-02-25 00:00:00+09:00,207.0,211.0,205.0,207.0,60500,0.0,0.0
2019-02-26 00:00:00+09:00,209.0,209.0,205.0,206.0,60400,0.0,0.0
2019-02-27 00:00:00+09:00,208.0,224.0,206.0,215.0,426600,0.0,0.0
2019-02-28 00:00:00+09:00,211.0,212.0,207.0,207.0,107200,0.0,0.0
2019-03-01 00:00:00+09:00,207.0,214.0,206.0,214.0,87100,0.0,0.0
2019-03-04 00:00:00+09:00,214.0,215.0,210.0,214.0,63500,0.0,0.0
2019-03-05 00:00:00+09:00,214.0,214.0,209.0,210.0,89800,0.0,0.0
2019-03-06 00:00:00+09:00,209.0,209.0,204.0,208.0,84500,0.0,0.0
2019-03-07 00:00:00+09:00,204.0,206.0,203.0,204.0,93300,0.0,0.0
2019-03-08 00:00:00+09:00,201.0,201.0,191.0,195.0,146400,0.0,0.0
2019-03-11 00:00:00+09:00,196.0,196.0,190.0,192.0,83600,0.0,0.0
2019-03-12 00:00:00+09:00,195.0,199.0,194.0,198.0,48400,0.0,0.0
2019-03-13 00:00:00+09:00,195.0,198.0,192.0,193.0,42300,0.0,0.0
2019-03-14 00:00:00+09:00,194.0,196.0,191.0,191.0,44400,0.0,0.0
2019-03-15 00:00:00+09:00,193.0,195.0,190.0,192.0,52900,0.0,0.0
2019-03-18 00:00:00+09:00,189.0,193.0,188.0,191.0,72600,0.0,0.0
2019-03-19 00:00:00+09:00,189.0,192.0,187.0,187.0,102800,0.0,0.0
2019-03-20 00:00:00+09:00,187.0,187.0,183.0,186.0,285200,0.0,0.0
2019-03-22 00:00:00+09:00,186.0,186.0,183.0,186.0,49700,0.0,0.0
2019-03-25 00:00:00+09:00,183.0,185.0,180.0,184.0,54200,0.0,0.0
2019-03-26 00:00:00+09:00,185.0,186.0,184.0,185.0,44100,0.0,0.0
2019-03-27 00:00:00+09:00,188.0,193.0,187.0,192.0,79300,0.0,0.0
2019-03-28 00:00:00+09:00,193.0,193.0,179.0,189.0,126000,0.0,0.0
2019-03-29 00:00:00+09:00,194.0,194.0,187.0,188.0,71300,0.0,0.0
2019-04-01 00:00:00+09:00,191.0,192.0,188.0,189.0,98000,0.0,0.0
2019-04-02 00:00:00+09:00,191.0,191.0,185.0,189.0,105100,0.0,0.0
2019-04-03 00:00:00+09:00,189.0,189.0,187.0,188.0,39700,0.0,0.0
2019-04-04 00:00:00+09:00,188.0,190.0,186.0,188.0,32100,0.0,0.0
2019-04-05 00:00:00+09:00,187.0,188.0,186.0,188.0,39900,0.0,0.0
2019-04-08 00:00:00+09:00,188.0,191.0,186.0,187.0,111800,0.0,0.0
2019-04-09 00:00:00+09:00,187.0,187.0,185.0,186.0,56300,0.0,0.0
2019-04-10 00:00:00+09:00,176.0,181.0,175.0,179.0,225100,0.0,0.0
2019-04-11 00:00:00+09:00,180.0,180.0,177.0,179.0,51100,0.0,0.0
2019-04-12 00:00:00+09:00,180.0,180.0,177.0,178.0,65900,0.0,0.0
2019-04-15 00:00:00+09:00,177.0,181.0,176.0,180.0,113100,0.0,0.0
2019-04-16 00:00:00+09:00,177.0,179.0,175.0,177.0,179000,0.0,0.0
2019-04-17 00:00:00+09:00,178.0,180.0,176.0,178.0,121400,0.0,0.0
2019-04-18 00:00:00+09:00,182.0,228.0,180.0,228.0,2928200,0.0,0.0
2019-04-19 00:00:00+09:00,252.0,308.0,237.0,308.0,8702800,0.0,0.0
2019-04-22 00:00:00+09:00,380.0,384.0,326.0,358.0,10340500,0.0,0.0
2019-04-23 00:00:00+09:00,334.0,365.0,311.0,353.0,3581700,0.0,0.0
2019-04-24 00:00:00+09:00,368.0,369.0,324.0,335.0,3354700,0.0,0.0
2019-04-25 00:00:00+09:00,318.0,332.0,315.0,319.0,1536000,0.0,0.0
2019-04-26 00:00:00+09:00,311.0,313.0,280.0,288.0,1629800,0.0,0.0
2019-05-07 00:00:00+09:00,335.0,368.0,326.0,368.0,2138700,0.0,0.0
2019-05-08 00:00:00+09:00,392.0,440.0,384.0,403.0,13519700,0.0,0.0
2019-05-09 00:00:00+09:00,411.0,445.0,388.0,445.0,9921500,0.0,0.0
2019-05-10 00:00:00+09:00,500.0,508.0,454.0,467.0,11647800,0.0,0.0
2019-05-13 00:00:00+09:00,442.0,467.0,425.0,431.0,4185700,0.0,0.0
2019-05-14 00:00:00+09:00,399.0,430.0,385.0,420.0,3222700,0.0,0.0
2019-05-15 00:00:00+09:00,406.0,415.0,398.0,415.0,1918000,0.0,0.0
2019-05-16 00:00:00+09:00,420.0,432.0,407.0,414.0,2500300,0.0,0.0
2019-05-17 00:00:00+09:00,410.0,437.0,410.0,428.0,2037400,0.0,0.0
2019-05-20 00:00:00+09:00,431.0,433.0,407.0,408.0,1664400,0.0,0.0
2019-05-21 00:00:00+09:00,400.0,428.0,396.0,422.0,1840100,0.0,0.0
2019-05-22 00:00:00+09:00,430.0,432.0,408.0,411.0,2351000,0.0,0.0
2019-05-23 00:00:00+09:00,408.0,414.0,399.0,400.0,1002800,0.0,0.0
2019-05-24 00:00:00+09:00,395.0,401.0,385.0,388.0,1584300,0.0,0.0
2019-05-27 00:00:00+09:00,381.0,383.0,352.0,374.0,2815300,0.0,0.0
2019-05-28 00:00:00+09:00,375.0,382.0,365.0,369.0,1104900,0.0,0.0
2019-05-29 00:00:00+09:00,374.0,376.0,356.0,370.0,1295500,0.0,0.0
2019-05-30 00:00:00+09:00,389.0,415.0,383.0,415.0,4802900,0.0,0.0
2019-05-31 00:00:00+09:00,388.0,400.0,387.0,393.0,2233200,0.0,0.0
2019-06-03 00:00:00+09:00,377.0,386.0,359.0,362.0,1337700,0.0,0.0
2019-06-04 00:00:00+09:00,355.0,376.0,355.0,372.0,946500,0.0,0.0
2019-06-05 00:00:00+09:00,382.0,383.0,347.0,359.0,1869300,0.0,0.0
2019-06-06 00:00:00+09:00,356.0,361.0,345.0,345.0,835600,0.0,0.0
2019-06-07 00:00:00+09:00,346.0,353.0,322.0,333.0,1460600,0.0,0.0
2019-06-10 00:00:00+09:00,351.0,379.0,346.0,356.0,2306500,0.0,0.0
2019-06-11 00:00:00+09:00,363.0,363.0,341.0,348.0,826900,0.0,0.0
2019-06-12 00:00:00+09:00,350.0,352.0,344.0,349.0,361900,0.0,0.0
2019-06-13 00:00:00+09:00,348.0,364.0,343.0,363.0,740800,0.0,0.0
2019-06-14 00:00:00+09:00,358.0,369.0,355.0,358.0,1019500,0.0,0.0
2019-06-17 00:00:00+09:00,357.0,361.0,339.0,340.0,828400,0.0,0.0
2019-06-18 00:00:00+09:00,349.0,349.0,333.0,333.0,756800,0.0,0.0
2019-06-19 00:00:00+09:00,335.0,349.0,329.0,343.0,875600,0.0,0.0
2019-06-20 00:00:00+09:00,346.0,353.0,338.0,348.0,611500,0.0,0.0
2019-06-21 00:00:00+09:00,355.0,356.0,330.0,336.0,1303300,0.0,0.0
2019-06-24 00:00:00+09:00,328.0,330.0,309.0,311.0,1146500,0.0,0.0
2019-06-25 00:00:00+09:00,311.0,320.0,309.0,314.0,801700,0.0,0.0
2019-06-26 00:00:00+09:00,311.0,316.0,302.0,314.0,876700,0.0,0.0
2019-06-27 00:00:00+09:00,312.0,335.0,312.0,333.0,1107800,0.0,0.0
2019-06-28 00:00:00+09:00,349.0,359.0,346.0,358.0,2300200,0.0,0.0
2019-07-01 00:00:00+09:00,361.0,372.0,278.0,290.0,7392000,0.0,0.0
2019-07-02 00:00:00+09:00,270.0,276.0,240.0,252.0,11850400,0.0,0.0
2019-07-03 00:00:00+09:00,247.0,249.0,235.0,241.0,3738300,0.0,0.0
2019-07-04 00:00:00+09:00,242.0,247.0,240.0,242.0,1485700,0.0,0.0
2019-07-05 00:00:00+09:00,243.0,244.0,231.0,237.0,1974500,0.0,0.0
2019-07-08 00:00:00+09:00,240.0,241.0,233.0,239.0,795300,0.0,0.0
2019-07-09 00:00:00+09:00,238.0,238.0,233.0,233.0,620800,0.0,0.0
2019-07-10 00:00:00+09:00,233.0,245.0,233.0,243.0,1110200,0.0,0.0
2019-07-11 00:00:00+09:00,241.0,243.0,237.0,240.0,592300,0.0,0.0
2019-07-12 00:00:00+09:00,239.0,239.0,233.0,233.0,668800,0.0,0.0
2019-07-16 00:00:00+09:00,232.0,233.0,227.0,231.0,772600,0.0,0.0
2019-07-17 00:00:00+09:00,215.0,220.0,208.0,217.0,1824300,0.0,0.0
2019-07-18 00:00:00+09:00,219.0,222.0,213.0,213.0,578100,0.0,0.0
2019-07-19 00:00:00+09:00,217.0,221.0,214.0,220.0,462200,0.0,0.0
2019-07-22 00:00:00+09:00,218.0,219.0,214.0,216.0,226000,0.0,0.0
2019-07-23 00:00:00+09:00,214.0,219.0,214.0,218.0,252200,0.0,0.0
2019-07-24 00:00:00+09:00,215.0,217.0,213.0,213.0,362900,0.0,0.0
2019-07-25 00:00:00+09:00,213.0,221.0,213.0,220.0,433400,0.0,0.0
2019-07-26 00:00:00+09:00,216.0,218.0,212.0,212.0,451600,0.0,0.0
2019-07-29 00:00:00+09:00,211.0,221.0,209.0,214.0,440700,0.0,0.0
2019-07-30 00:00:00+09:00,213.0,216.0,210.0,210.0,378500,0.0,0.0
2019-07-31 00:00:00+09:00,210.0,213.0,208.0,213.0,250700,0.0,0.0
2019-08-01 00:00:00+09:00,210.0,213.0,210.0,210.0,181200,0.0,0.0
2019-08-02 00:00:00+09:00,206.0,207.0,201.0,202.0,480700,0.0,0.0
2019-08-05 00:00:00+09:00,202.0,204.0,196.0,198.0,448200,0.0,0.0
2019-08-06 00:00:00+09:00,189.0,202.0,188.0,200.0,524200,0.0,0.0
2019-08-07 00:00:00+09:00,200.0,202.0,197.0,197.0,154800,0.0,0.0
2019-08-08 00:00:00+09:00,198.0,206.0,197.0,202.0,366700,0.0,0.0
2019-08-09 00:00:00+09:00,200.0,204.0,200.0,203.0,180700,0.0,0.0
2019-08-13 00:00:00+09:00,200.0,203.0,199.0,200.0,201100,0.0,0.0
2019-08-14 00:00:00+09:00,201.0,204.0,199.0,201.0,160300,0.0,0.0
2019-08-15 00:00:00+09:00,199.0,199.0,195.0,198.0,197100,0.0,0.0
2019-08-16 00:00:00+09:00,197.0,200.0,195.0,198.0,160400,0.0,0.0
2019-08-19 00:00:00+09:00,199.0,203.0,198.0,199.0,145200,0.0,0.0
2019-08-20 00:00:00+09:00,199.0,206.0,199.0,204.0,226100,0.0,0.0
2019-08-21 00:00:00+09:00,206.0,220.0,205.0,214.0,1260000,0.0,0.0
2019-08-22 00:00:00+09:00,216.0,219.0,204.0,204.0,528800,0.0,0.0
2019-08-23 00:00:00+09:00,203.0,203.0,197.0,197.0,496400,0.0,0.0
2019-08-26 00:00:00+09:00,195.0,195.0,192.0,192.0,236800,0.0,0.0
2019-08-27 00:00:00+09:00,195.0,196.0,192.0,192.0,97200,0.0,0.0
2019-08-28 00:00:00+09:00,192.0,193.0,190.0,190.0,170300,0.0,0.0
2019-08-29 00:00:00+09:00,188.0,238.0,188.0,222.0,10079500,0.0,0.0
2019-08-30 00:00:00+09:00,222.0,228.0,202.0,209.0,3337400,0.0,0.0
2019-09-02 00:00:00+09:00,212.0,214.0,203.0,210.0,933900,0.0,0.0
2019-09-03 00:00:00+09:00,207.0,207.0,196.0,198.0,1215200,0.0,0.0
2019-09-04 00:00:00+09:00,196.0,197.0,192.0,194.0,470200,0.0,0.0
2019-09-05 00:00:00+09:00,196.0,196.0,193.0,193.0,349700,0.0,0.0
2019-09-06 00:00:00+09:00,194.0,199.0,192.0,193.0,398400,0.0,0.0
2019-09-09 00:00:00+09:00,195.0,195.0,191.0,194.0,310300,0.0,0.0
2019-09-10 00:00:00+09:00,194.0,197.0,191.0,192.0,393100,0.0,0.0
2019-09-11 00:00:00+09:00,193.0,196.0,192.0,195.0,324000,0.0,0.0
2019-09-12 00:00:00+09:00,196.0,197.0,194.0,194.0,223700,0.0,0.0
2019-09-13 00:00:00+09:00,194.0,196.0,192.0,192.0,185700,0.0,0.0
2019-09-17 00:00:00+09:00,190.0,197.0,189.0,193.0,312700,0.0,0.0
2019-09-18 00:00:00+09:00,193.0,195.0,190.0,191.0,204800,0.0,0.0
2019-09-19 00:00:00+09:00,191.0,198.0,191.0,198.0,283400,0.0,0.0
2019-09-20 00:00:00+09:00,196.0,199.0,192.0,197.0,327200,0.0,0.0
2019-09-24 00:00:00+09:00,201.0,203.0,198.0,200.0,391700,0.0,0.0
2019-09-25 00:00:00+09:00,199.0,200.0,196.0,199.0,199000,0.0,0.0
2019-09-26 00:00:00+09:00,200.0,203.0,199.0,203.0,179100,0.0,0.0
2019-09-27 00:00:00+09:00,203.0,205.0,201.0,203.0,157800,0.0,0.0
2019-09-30 00:00:00+09:00,205.0,207.0,202.0,205.0,344700,0.0,0.0
2019-10-01 00:00:00+09:00,205.0,205.0,200.0,200.0,212400,0.0,0.0
2019-10-02 00:00:00+09:00,200.0,200.0,197.0,197.0,135400,0.0,0.0
2019-10-03 00:00:00+09:00,195.0,204.0,195.0,201.0,333100,0.0,0.0
2019-10-04 00:00:00+09:00,201.0,212.0,200.0,206.0,551300,0.0,0.0
2019-10-07 00:00:00+09:00,213.0,220.0,209.0,215.0,913700,0.0,0.0
2019-10-08 00:00:00+09:00,215.0,257.0,215.0,222.0,4217200,0.0,0.0
2019-10-09 00:00:00+09:00,217.0,218.0,212.0,215.0,617100,0.0,0.0
2019-10-10 00:00:00+09:00,216.0,218.0,207.0,208.0,413600,0.0,0.0
2019-10-11 00:00:00+09:00,209.0,210.0,202.0,203.0,286500,0.0,0.0
2019-10-15 00:00:00+09:00,206.0,219.0,205.0,213.0,607500,0.0,0.0
2019-10-16 00:00:00+09:00,214.0,214.0,203.0,212.0,640400,0.0,0.0
2019-10-17 00:00:00+09:00,228.0,292.0,215.0,292.0,13317500,0.0,0.0
2019-10-18 00:00:00+09:00,315.0,337.0,258.0,265.0,22243500,0.0,0.0
2019-10-21 00:00:00+09:00,273.0,285.0,256.0,273.0,6195000,0.0,0.0
2019-10-23 00:00:00+09:00,289.0,304.0,259.0,262.0,7622700,0.0,0.0
2019-10-24 00:00:00+09:00,260.0,263.0,245.0,248.0,1953600,0.0,0.0
2019-10-25 00:00:00+09:00,244.0,259.0,236.0,250.0,2349400,0.0,0.0
2019-10-28 00:00:00+09:00,250.0,267.0,246.0,250.0,2024400,0.0,0.0
2019-10-29 00:00:00+09:00,246.0,250.0,239.0,240.0,1000400,0.0,0.0
2019-10-30 00:00:00+09:00,241.0,242.0,228.0,229.0,1148000,0.0,0.0
2019-10-31 00:00:00+09:00,232.0,238.0,229.0,230.0,641300,0.0,0.0
2019-11-01 00:00:00+09:00,229.0,233.0,225.0,231.0,560400,0.0,0.0
2019-11-05 00:00:00+09:00,231.0,243.0,231.0,242.0,854300,0.0,0.0
2019-11-06 00:00:00+09:00,238.0,240.0,231.0,233.0,664300,0.0,0.0
2019-11-07 00:00:00+09:00,231.0,231.0,220.0,223.0,1172000,0.0,0.0
2019-11-08 00:00:00+09:00,224.0,226.0,219.0,220.0,784700,0.0,0.0
2019-11-11 00:00:00+09:00,224.0,234.0,224.0,232.0,942800,0.0,0.0
2019-11-12 00:00:00+09:00,231.0,243.0,230.0,235.0,909100,0.0,0.0
2019-11-13 00:00:00+09:00,236.0,237.0,226.0,235.0,563700,0.0,0.0
2019-11-14 00:00:00+09:00,233.0,234.0,227.0,228.0,359200,0.0,0.0
2019-11-15 00:00:00+09:00,227.0,228.0,224.0,227.0,288600,0.0,0.0
2019-11-18 00:00:00+09:00,228.0,234.0,227.0,231.0,454200,0.0,0.0
2019-11-19 00:00:00+09:00,228.0,232.0,228.0,232.0,279700,0.0,0.0
2019-11-20 00:00:00+09:00,230.0,237.0,230.0,232.0,466400,0.0,0.0
2019-11-21 00:00:00+09:00,233.0,236.0,230.0,236.0,402400,0.0,0.0
2019-11-22 00:00:00+09:00,239.0,248.0,238.0,245.0,1248400,0.0,0.0
2019-11-25 00:00:00+09:00,245.0,250.0,236.0,240.0,818600,0.0,0.0
2019-11-26 00:00:00+09:00,242.0,242.0,236.0,238.0,423800,0.0,0.0
2019-11-27 00:00:00+09:00,235.0,237.0,233.0,236.0,390800,0.0,0.0
2019-11-28 00:00:00+09:00,235.0,243.0,235.0,238.0,367900,0.0,0.0
2019-11-29 00:00:00+09:00,239.0,249.0,239.0,246.0,654300,0.0,0.0
2019-12-02 00:00:00+09:00,250.0,253.0,242.0,250.0,1268800,0.0,0.0
2019-12-03 00:00:00+09:00,253.0,253.0,243.0,245.0,779600,0.0,0.0
2019-12-04 00:00:00+09:00,243.0,245.0,237.0,244.0,328900,0.0,0.0
2019-12-05 00:00:00+09:00,243.0,247.0,242.0,242.0,230700,0.0,0.0
2019-12-06 00:00:00+09:00,242.0,251.0,242.0,245.0,497000,0.0,0.0
2019-12-09 00:00:00+09:00,250.0,252.0,247.0,252.0,449700,0.0,0.0
2019-12-10 00:00:00+09:00,252.0,263.0,251.0,255.0,1472800,0.0,0.0
2019-12-11 00:00:00+09:00,253.0,263.0,252.0,261.0,602100,0.0,0.0
2019-12-12 00:00:00+09:00,263.0,266.0,256.0,260.0,606800,0.0,0.0
2019-12-13 00:00:00+09:00,257.0,258.0,248.0,253.0,585200,0.0,0.0
2019-12-16 00:00:00+09:00,245.0,246.0,235.0,237.0,952300,0.0,0.0
2019-12-17 00:00:00+09:00,236.0,243.0,232.0,240.0,482500,0.0,0.0
2019-12-18 00:00:00+09:00,240.0,242.0,235.0,238.0,259300,0.0,0.0
2019-12-19 00:00:00+09:00,238.0,240.0,234.0,239.0,205800,0.0,0.0
2019-12-20 00:00:00+09:00,239.0,240.0,236.0,238.0,176200,0.0,0.0
2019-12-23 00:00:00+09:00,243.0,243.0,237.0,238.0,300200,0.0,0.0
2019-12-24 00:00:00+09:00,238.0,238.0,236.0,236.0,179100,0.0,0.0
2019-12-25 00:00:00+09:00,260.0,277.0,246.0,249.0,11337600,0.0,0.0
2019-12-26 00:00:00+09:00,251.0,254.0,239.0,243.0,1854300,0.0,0.0
2019-12-27 00:00:00+09:00,244.0,246.0,239.0,241.0,727200,0.0,0.0
2019-12-30 00:00:00+09:00,238.0,244.0,236.0,243.0,755700,0.0,0.0
2020-01-06 00:00:00+09:00,239.0,247.0,237.0,240.0,599100,0.0,0.0
2020-01-07 00:00:00+09:00,243.0,246.0,240.0,244.0,614000,0.0,0.0
2020-01-08 00:00:00+09:00,242.0,242.0,229.0,235.0,1164100,0.0,0.0
2020-01-09 00:00:00+09:00,237.0,246.0,237.0,241.0,815500,0.0,0.0
2020-01-10 00:00:00+09:00,242.0,250.0,241.0,246.0,777900,0.0,0.0
2020-01-14 00:00:00+09:00,248.0,257.0,245.0,255.0,914400,0.0,0.0
2020-01-15 00:00:00+09:00,254.0,254.0,243.0,249.0,984700,0.0,0.0
2020-01-16 00:00:00+09:00,247.0,252.0,246.0,249.0,427400,0.0,0.0
2020-01-17 00:00:00+09:00,251.0,274.0,251.0,269.0,2855900,0.0,0.0
2020-01-20 00:00:00+09:00,264.0,268.0,260.0,263.0,834700,0.0,0.0
2020-01-21 00:00:00+09:00,273.0,285.0,259.0,261.0,3325200,0.0,0.0
2020-01-22 00:00:00+09:00,259.0,259.0,250.0,250.0,991400,0.0,0.0
2020-01-23 00:00:00+09:00,251.0,254.0,249.0,252.0,408000,0.0,0.0
2020-01-24 00:00:00+09:00,251.0,251.0,244.0,247.0,664700,0.0,0.0
2020-01-27 00:00:00+09:00,241.0,245.0,239.0,240.0,699000,0.0,0.0
2020-01-28 00:00:00+09:00,238.0,247.0,237.0,245.0,468100,0.0,0.0
2020-01-29 00:00:00+09:00,243.0,245.0,241.0,242.0,304700,0.0,0.0
2020-01-30 00:00:00+09:00,242.0,242.0,229.0,231.0,922700,0.0,0.0
2020-01-31 00:00:00+09:00,231.0,238.0,231.0,234.0,345400,0.0,0.0
2020-02-03 00:00:00+09:00,227.0,237.0,224.0,233.0,729200,0.0,0.0
2020-02-04 00:00:00+09:00,233.0,240.0,233.0,237.0,279800,0.0,0.0
2020-02-05 00:00:00+09:00,239.0,241.0,236.0,239.0,292800,0.0,0.0
2020-02-06 00:00:00+09:00,240.0,242.0,237.0,240.0,207700,0.0,0.0
2020-02-07 00:00:00+09:00,239.0,240.0,235.0,237.0,286400,0.0,0.0
2020-02-10 00:00:00+09:00,235.0,237.0,234.0,236.0,118600,0.0,0.0
2020-02-12 00:00:00+09:00,236.0,240.0,236.0,237.0,195700,0.0,0.0
2020-02-13 00:00:00+09:00,237.0,240.0,235.0,237.0,204500,0.0,0.0
2020-02-14 00:00:00+09:00,237.0,237.0,231.0,231.0,212000,0.0,0.0
2020-02-17 00:00:00+09:00,229.0,229.0,224.0,224.0,332400,0.0,0.0
2020-02-18 00:00:00+09:00,222.0,227.0,222.0,223.0,206500,0.0,0.0
2020-02-19 00:00:00+09:00,223.0,229.0,214.0,217.0,1053400,0.0,0.0
2020-02-20 00:00:00+09:00,219.0,224.0,217.0,219.0,457400,0.0,0.0
2020-02-21 00:00:00+09:00,222.0,224.0,219.0,222.0,210400,0.0,0.0
2020-02-25 00:00:00+09:00,198.0,220.0,196.0,217.0,639100,0.0,0.0
2020-02-26 00:00:00+09:00,210.0,219.0,206.0,209.0,338200,0.0,0.0
2020-02-27 00:00:00+09:00,206.0,217.0,199.0,201.0,627600,0.0,0.0
2020-02-28 00:00:00+09:00,188.0,199.0,181.0,183.0,1129400,0.0,0.0
2020-03-02 00:00:00+09:00,182.0,203.0,182.0,199.0,699400,0.0,0.0
2020-03-03 00:00:00+09:00,210.0,210.0,194.0,194.0,373400,0.0,0.0
2020-03-04 00:00:00+09:00,197.0,201.0,194.0,199.0,219800,0.0,0.0
2020-03-05 00:00:00+09:00,202.0,204.0,196.0,198.0,186000,0.0,0.0
2020-03-06 00:00:00+09:00,194.0,197.0,187.0,189.0,279600,0.0,0.0
2020-03-09 00:00:00+09:00,178.0,180.0,162.0,165.0,924500,0.0,0.0
2020-03-10 00:00:00+09:00,155.0,171.0,144.0,166.0,761900,0.0,0.0
2020-03-11 00:00:00+09:00,168.0,173.0,151.0,152.0,476700,0.0,0.0
2020-03-12 00:00:00+09:00,150.0,158.0,144.0,148.0,738700,0.0,0.0
2020-03-13 00:00:00+09:00,128.0,136.0,124.0,128.0,791200,0.0,0.0
2020-03-16 00:00:00+09:00,133.0,144.0,132.0,133.0,653600,0.0,0.0
2020-03-17 00:00:00+09:00,126.0,143.0,126.0,137.0,552900,0.0,0.0
2020-03-18 00:00:00+09:00,140.0,149.0,139.0,141.0,397300,0.0,0.0
2020-03-19 00:00:00+09:00,151.0,151.0,138.0,142.0,355200,0.0,0.0
2020-03-23 00:00:00+09:00,142.0,150.0,138.0,149.0,362400,0.0,0.0
2020-03-24 00:00:00+09:00,150.0,163.0,150.0,158.0,508000,0.0,0.0
2020-03-25 00:00:00+09:00,173.0,173.0,160.0,168.0,394800,0.0,0.0
2020-03-26 00:00:00+09:00,164.0,164.0,159.0,160.0,291300,0.0,0.0
2020-03-27 00:00:00+09:00,164.0,168.0,158.0,159.0,249200,0.0,0.0
2020-03-30 00:00:00+09:00,152.0,159.0,151.0,154.0,227100,0.0,0.0
2020-03-31 00:00:00+09:00,154.0,163.0,154.0,158.0,304900,0.0,0.0
2020-04-01 00:00:00+09:00,154.0,158.0,148.0,149.0,208500,0.0,0.0
2020-04-02 00:00:00+09:00,147.0,152.0,142.0,146.0,164000,0.0,0.0
2020-04-03 00:00:00+09:00,149.0,151.0,140.0,141.0,147700,0.0,0.0
2020-04-06 00:00:00+09:00,143.0,146.0,135.0,145.0,254400,0.0,0.0
2020-04-07 00:00:00+09:00,147.0,152.0,143.0,150.0,190300,0.0,0.0
2020-04-08 00:00:00+09:00,150.0,156.0,144.0,151.0,206500,0.0,0.0
2020-04-09 00:00:00+09:00,152.0,162.0,152.0,156.0,237000,0.0,0.0
2020-04-10 00:00:00+09:00,157.0,158.0,148.0,155.0,186500,0.0,0.0
2020-04-13 00:00:00+09:00,158.0,158.0,154.0,155.0,133000,0.0,0.0
2020-04-14 00:00:00+09:00,156.0,164.0,154.0,160.0,379200,0.0,0.0
2020-04-15 00:00:00+09:00,155.0,157.0,144.0,148.0,749000,0.0,0.0
2020-04-16 00:00:00+09:00,146.0,150.0,145.0,147.0,267700,0.0,0.0
2020-04-17 00:00:00+09:00,146.0,153.0,145.0,150.0,398100,0.0,0.0
2020-04-20 00:00:00+09:00,153.0,156.0,151.0,152.0,176500,0.0,0.0
2020-04-21 00:00:00+09:00,150.0,150.0,144.0,147.0,366200,0.0,0.0
2020-04-22 00:00:00+09:00,143.0,145.0,137.0,141.0,314800,0.0,0.0
2020-04-23 00:00:00+09:00,140.0,144.0,138.0,140.0,210500,0.0,0.0
2020-04-24 00:00:00+09:00,144.0,147.0,141.0,146.0,246400,0.0,0.0
2020-04-27 00:00:00+09:00,148.0,151.0,146.0,147.0,173200,0.0,0.0
2020-04-28 00:00:00+09:00,148.0,150.0,147.0,148.0,117500,0.0,0.0
2020-04-30 00:00:00+09:00,150.0,151.0,149.0,149.0,238200,0.0,0.0
2020-05-01 00:00:00+09:00,146.0,150.0,145.0,146.0,226200,0.0,0.0
2020-05-07 00:00:00+09:00,148.0,158.0,148.0,155.0,378100,0.0,0.0
2020-05-08 00:00:00+09:00,155.0,164.0,151.0,162.0,445500,0.0,0.0
2020-05-11 00:00:00+09:00,212.0,212.0,208.0,212.0,840600,0.0,0.0
2020-05-12 00:00:00+09:00,204.0,217.0,186.0,192.0,4920500,0.0,0.0
2020-05-13 00:00:00+09:00,203.0,204.0,186.0,189.0,1828100,0.0,0.0
2020-05-14 00:00:00+09:00,185.0,187.0,174.0,177.0,809700,0.0,0.0
2020-05-15 00:00:00+09:00,174.0,181.0,172.0,176.0,361100,0.0,0.0
2020-05-18 00:00:00+09:00,179.0,181.0,173.0,176.0,276900,0.0,0.0
2020-05-19 00:00:00+09:00,195.0,197.0,173.0,177.0,2078900,0.0,0.0
2020-05-20 00:00:00+09:00,178.0,199.0,172.0,189.0,5643000,0.0,0.0
2020-05-21 00:00:00+09:00,184.0,191.0,180.0,187.0,1665800,0.0,0.0
2020-05-22 00:00:00+09:00,185.0,203.0,183.0,195.0,1974300,0.0,0.0
2020-05-25 00:00:00+09:00,200.0,203.0,192.0,195.0,1015200,0.0,0.0
2020-05-26 00:00:00+09:00,195.0,196.0,190.0,195.0,761700,0.0,0.0
2020-05-27 00:00:00+09:00,195.0,213.0,193.0,209.0,1499700,0.0,0.0
2020-05-28 00:00:00+09:00,208.0,208.0,199.0,200.0,897900,0.0,0.0
2020-05-29 00:00:00+09:00,200.0,206.0,196.0,202.0,762000,0.0,0.0
2020-06-01 00:00:00+09:00,204.0,204.0,200.0,202.0,410800,0.0,0.0
2020-06-02 00:00:00+09:00,205.0,221.0,202.0,216.0,1901900,0.0,0.0
2020-06-03 00:00:00+09:00,212.0,219.0,210.0,215.0,1317800,0.0,0.0
2020-06-04 00:00:00+09:00,216.0,222.0,212.0,218.0,1108700,0.0,0.0
2020-06-05 00:00:00+09:00,220.0,220.0,208.0,212.0,752600,0.0,0.0
2020-06-08 00:00:00+09:00,244.0,292.0,230.0,292.0,9752600,0.0,0.0
2020-06-09 00:00:00+09:00,372.0,372.0,370.0,372.0,2461800,0.0,0.0
2020-06-10 00:00:00+09:00,330.0,351.0,292.0,292.0,14535600,0.0,0.0
2020-06-11 00:00:00+09:00,292.0,299.0,254.0,268.0,5534100,0.0,0.0
2020-06-12 00:00:00+09:00,244.0,292.0,241.0,270.0,5132300,0.0,0.0
2020-06-15 00:00:00+09:00,303.0,304.0,250.0,250.0,4936600,0.0,0.0
2020-06-16 00:00:00+09:00,264.0,266.0,247.0,252.0,2420500,0.0,0.0
2020-06-17 00:00:00+09:00,249.0,255.0,241.0,244.0,1417600,0.0,0.0
2020-06-18 00:00:00+09:00,246.0,256.0,238.0,247.0,1640300,0.0,0.0
2020-06-19 00:00:00+09:00,249.0,257.0,245.0,256.0,1239300,0.0,0.0
2020-06-22 00:00:00+09:00,255.0,277.0,251.0,261.0,2183800,0.0,0.0
2020-06-23 00:00:00+09:00,260.0,261.0,247.0,250.0,1610800,0.0,0.0
2020-06-24 00:00:00+09:00,250.0,250.0,243.0,243.0,754700,0.0,0.0
2020-06-25 00:00:00+09:00,241.0,241.0,232.0,234.0,931900,0.0,0.0
2020-06-26 00:00:00+09:00,231.0,234.0,221.0,225.0,1216400,0.0,0.0
2020-06-29 00:00:00+09:00,221.0,226.0,218.0,222.0,643200,0.0,0.0
2020-06-30 00:00:00+09:00,224.0,226.0,218.0,221.0,722000,0.0,0.0
2020-07-01 00:00:00+09:00,220.0,226.0,217.0,217.0,752700,0.0,0.0
2020-07-02 00:00:00+09:00,215.0,217.0,199.0,200.0,1319000,0.0,0.0
2020-07-03 00:00:00+09:00,198.0,217.0,198.0,208.0,998300,0.0,0.0
2020-07-06 00:00:00+09:00,209.0,222.0,209.0,220.0,713300,0.0,0.0
2020-07-07 00:00:00+09:00,217.0,220.0,209.0,218.0,600200,0.0,0.0
2020-07-08 00:00:00+09:00,217.0,234.0,214.0,227.0,1005800,0.0,0.0
2020-07-09 00:00:00+09:00,225.0,228.0,215.0,217.0,735900,0.0,0.0
2020-07-10 00:00:00+09:00,215.0,224.0,207.0,209.0,654100,0.0,0.0
2020-07-13 00:00:00+09:00,215.0,222.0,213.0,216.0,580300,0.0,0.0
2020-07-14 00:00:00+09:00,213.0,215.0,208.0,215.0,364300,0.0,0.0
2020-07-15 00:00:00+09:00,218.0,218.0,208.0,209.0,496200,0.0,0.0
2020-07-16 00:00:00+09:00,203.0,215.0,200.0,215.0,544100,0.0,0.0
2020-07-17 00:00:00+09:00,215.0,216.0,204.0,206.0,423800,0.0,0.0
2020-07-20 00:00:00+09:00,206.0,209.0,201.0,206.0,234900,0.0,0.0
2020-07-21 00:00:00+09:00,209.0,215.0,205.0,208.0,539600,0.0,0.0
2020-07-22 00:00:00+09:00,207.0,212.0,205.0,211.0,383000,0.0,0.0
2020-07-27 00:00:00+09:00,213.0,215.0,209.0,213.0,316500,0.0,0.0
2020-07-28 00:00:00+09:00,220.0,221.0,210.0,210.0,418800,0.0,0.0
2020-07-29 00:00:00+09:00,209.0,209.0,202.0,205.0,377000,0.0,0.0
2020-07-30 00:00:00+09:00,205.0,212.0,205.0,208.0,215600,0.0,0.0
2020-07-31 00:00:00+09:00,208.0,208.0,200.0,200.0,454200,0.0,0.0
2020-08-03 00:00:00+09:00,200.0,211.0,200.0,206.0,345400,0.0,0.0
2020-08-04 00:00:00+09:00,207.0,215.0,207.0,214.0,319500,0.0,0.0
2020-08-05 00:00:00+09:00,212.0,214.0,201.0,211.0,420700,0.0,0.0
2020-08-06 00:00:00+09:00,211.0,217.0,208.0,212.0,446300,0.0,0.0
2020-08-07 00:00:00+09:00,208.0,217.0,208.0,215.0,399000,0.0,0.0
2020-08-11 00:00:00+09:00,213.0,221.0,212.0,220.0,782100,0.0,0.0
2020-08-12 00:00:00+09:00,219.0,219.0,212.0,219.0,440200,0.0,0.0
2020-08-13 00:00:00+09:00,219.0,225.0,219.0,220.0,553100,0.0,0.0
2020-08-14 00:00:00+09:00,219.0,229.0,216.0,228.0,538600,0.0,0.0
2020-08-17 00:00:00+09:00,232.0,240.0,224.0,238.0,1413500,0.0,0.0
2020-08-18 00:00:00+09:00,267.0,274.0,239.0,240.0,6041700,0.0,0.0
2020-08-19 00:00:00+09:00,260.0,264.0,247.0,256.0,4378500,0.0,0.0
2020-08-20 00:00:00+09:00,275.0,305.0,261.0,290.0,11299100,0.0,0.0
2020-08-21 00:00:00+09:00,282.0,285.0,265.0,270.0,4149600,0.0,0.0
2020-08-24 00:00:00+09:00,266.0,288.0,262.0,281.0,2768000,0.0,0.0
2020-08-25 00:00:00+09:00,281.0,289.0,274.0,278.0,1903800,0.0,0.0
2020-08-26 00:00:00+09:00,278.0,280.0,267.0,269.0,1682100,0.0,0.0
2020-08-27 00:00:00+09:00,263.0,270.0,257.0,264.0,1836800,0.0,0.0
2020-08-28 00:00:00+09:00,261.0,265.0,244.0,251.0,1789200,0.0,0.0
2020-08-31 00:00:00+09:00,254.0,264.0,253.0,261.0,599800,0.0,0.0
2020-09-01 00:00:00+09:00,269.0,281.0,263.0,278.0,1629300,0.0,0.0
2020-09-02 00:00:00+09:00,276.0,276.0,270.0,272.0,833100,0.0,0.0
2020-09-03 00:00:00+09:00,275.0,275.0,264.0,265.0,512400,0.0,0.0
2020-09-04 00:00:00+09:00,257.0,263.0,252.0,261.0,601600,0.0,0.0
2020-09-07 00:00:00+09:00,260.0,265.0,257.0,260.0,474300,0.0,0.0
2020-09-08 00:00:00+09:00,258.0,261.0,244.0,253.0,845700,0.0,0.0
2020-09-09 00:00:00+09:00,247.0,253.0,246.0,250.0,357200,0.0,0.0
2020-09-10 00:00:00+09:00,250.0,251.0,244.0,247.0,400600,0.0,0.0
2020-09-11 00:00:00+09:00,244.0,245.0,235.0,245.0,604500,0.0,0.0
2020-09-14 00:00:00+09:00,246.0,246.0,242.0,244.0,225600,0.0,0.0
2020-09-15 00:00:00+09:00,246.0,256.0,243.0,255.0,479500,0.0,0.0
2020-09-16 00:00:00+09:00,253.0,258.0,250.0,257.0,399500,0.0,0.0
2020-09-17 00:00:00+09:00,258.0,259.0,252.0,258.0,309000,0.0,0.0
2020-09-18 00:00:00+09:00,259.0,267.0,258.0,264.0,503800,0.0,0.0
2020-09-23 00:00:00+09:00,264.0,275.0,259.0,275.0,870900,0.0,0.0
2020-09-24 00:00:00+09:00,272.0,275.0,254.0,261.0,1041100,0.0,0.0
2020-09-25 00:00:00+09:00,260.0,264.0,253.0,255.0,488900,0.0,0.0
2020-09-28 00:00:00+09:00,253.0,256.0,249.0,256.0,498500,0.0,0.0
2020-09-29 00:00:00+09:00,253.0,261.0,253.0,258.0,329900,0.0,0.0
2020-09-30 00:00:00+09:00,258.0,260.0,254.0,255.0,267700,0.0,0.0
2020-10-02 00:00:00+09:00,262.0,263.0,240.0,240.0,1276800,0.0,0.0
2020-10-05 00:00:00+09:00,247.0,250.0,242.0,245.0,461500,0.0,0.0
2020-10-06 00:00:00+09:00,247.0,248.0,241.0,246.0,309300,0.0,0.0
2020-10-07 00:00:00+09:00,245.0,249.0,242.0,244.0,380400,0.0,0.0
2020-10-08 00:00:00+09:00,245.0,245.0,235.0,238.0,495800,0.0,0.0
2020-10-09 00:00:00+09:00,238.0,238.0,225.0,235.0,890400,0.0,0.0
2020-10-12 00:00:00+09:00,231.0,232.0,226.0,229.0,460000,0.0,0.0
2020-10-13 00:00:00+09:00,229.0,238.0,229.0,237.0,362700,0.0,0.0
2020-10-14 00:00:00+09:00,236.0,237.0,230.0,232.0,326200,0.0,0.0
2020-10-15 00:00:00+09:00,231.0,233.0,224.0,227.0,532100,0.0,0.0
2020-10-16 00:00:00+09:00,201.0,215.0,198.0,210.0,1157700,0.0,0.0
2020-10-19 00:00:00+09:00,216.0,221.0,209.0,218.0,401800,0.0,0.0
2020-10-20 00:00:00+09:00,219.0,224.0,218.0,218.0,277000,0.0,0.0
2020-10-21 00:00:00+09:00,220.0,220.0,212.0,213.0,246000,0.0,0.0
2020-10-22 00:00:00+09:00,215.0,215.0,205.0,209.0,281100,0.0,0.0
2020-10-23 00:00:00+09:00,207.0,212.0,202.0,212.0,414600,0.0,0.0
2020-10-26 00:00:00+09:00,212.0,213.0,206.0,208.0,175700,0.0,0.0
2020-10-27 00:00:00+09:00,203.0,212.0,203.0,210.0,237300,0.0,0.0
2020-10-28 00:00:00+09:00,210.0,214.0,208.0,212.0,253900,0.0,0.0
2020-10-29 00:00:00+09:00,205.0,211.0,203.0,210.0,212000,0.0,0.0
2020-10-30 00:00:00+09:00,208.0,210.0,202.0,203.0,350600,0.0,0.0
2020-11-02 00:00:00+09:00,210.0,211.0,202.0,202.0,488600,0.0,0.0
2020-11-04 00:00:00+09:00,207.0,212.0,204.0,210.0,352300,0.0,0.0
2020-11-05 00:00:00+09:00,209.0,212.0,206.0,206.0,255400,0.0,0.0
2020-11-06 00:00:00+09:00,207.0,210.0,206.0,206.0,194800,0.0,0.0
2020-11-09 00:00:00+09:00,207.0,208.0,205.0,205.0,170400,0.0,0.0
2020-11-10 00:00:00+09:00,207.0,208.0,201.0,202.0,433800,0.0,0.0
2020-11-11 00:00:00+09:00,204.0,205.0,200.0,202.0,415200,0.0,0.0
2020-11-12 00:00:00+09:00,205.0,212.0,196.0,197.0,1200000,0.0,0.0
2020-11-13 00:00:00+09:00,198.0,198.0,191.0,195.0,567400,0.0,0.0
2020-11-16 00:00:00+09:00,196.0,196.0,191.0,192.0,345900,0.0,0.0
2020-11-17 00:00:00+09:00,192.0,192.0,182.0,186.0,823300,0.0,0.0
2020-11-18 00:00:00+09:00,186.0,193.0,186.0,190.0,308800,0.0,0.0
2020-11-19 00:00:00+09:00,188.0,188.0,183.0,186.0,325600,0.0,0.0
2020-11-20 00:00:00+09:00,182.0,188.0,182.0,187.0,253900,0.0,0.0
2020-11-24 00:00:00+09:00,190.0,191.0,187.0,190.0,231400,0.0,0.0
2020-11-25 00:00:00+09:00,198.0,199.0,187.0,188.0,587100,0.0,0.0
2020-11-26 00:00:00+09:00,187.0,190.0,186.0,190.0,167500,0.0,0.0
2020-11-27 00:00:00+09:00,190.0,193.0,187.0,191.0,327800,0.0,0.0
2020-11-30 00:00:00+09:00,193.0,193.0,188.0,189.0,230600,0.0,0.0
2020-12-01 00:00:00+09:00,188.0,197.0,188.0,197.0,570900,0.0,0.0
2020-12-02 00:00:00+09:00,199.0,202.0,195.0,197.0,545700,0.0,0.0
2020-12-03 00:00:00+09:00,198.0,198.0,195.0,198.0,217300,0.0,0.0
2020-12-04 00:00:00+09:00,198.0,198.0,192.0,194.0,234800,0.0,0.0
2020-12-07 00:00:00+09:00,195.0,197.0,186.0,190.0,366300,0.0,0.0
2020-12-08 00:00:00+09:00,190.0,197.0,188.0,196.0,291300,0.0,0.0
2020-12-09 00:00:00+09:00,194.0,197.0,190.0,191.0,274400,0.0,0.0
2020-12-10 00:00:00+09:00,186.0,190.0,182.0,182.0,667000,0.0,0.0
2020-12-11 00:00:00+09:00,183.0,190.0,183.0,188.0,294300,0.0,0.0
2020-12-14 00:00:00+09:00,190.0,191.0,187.0,189.0,203800,0.0,0.0
2020-12-15 00:00:00+09:00,188.0,190.0,184.0,187.0,239200,0.0,0.0
2020-12-16 00:00:00+09:00,192.0,194.0,182.0,183.0,548900,0.0,0.0
2020-12-17 00:00:00+09:00,185.0,185.0,183.0,185.0,260700,0.0,0.0
2020-12-18 00:00:00+09:00,183.0,185.0,178.0,178.0,446100,0.0,0.0
2020-12-21 00:00:00+09:00,179.0,181.0,176.0,178.0,224700,0.0,0.0
2020-12-22 00:00:00+09:00,185.0,186.0,169.0,172.0,940100,0.0,0.0
2020-12-23 00:00:00+09:00,172.0,175.0,170.0,174.0,268900,0.0,0.0
2020-12-24 00:00:00+09:00,172.0,175.0,171.0,175.0,329700,0.0,0.0
2020-12-25 00:00:00+09:00,172.0,175.0,170.0,171.0,216400,0.0,0.0
2020-12-28 00:00:00+09:00,171.0,173.0,164.0,169.0,524300,0.0,0.0
2020-12-29 00:00:00+09:00,168.0,176.0,168.0,176.0,215500,0.0,0.0
2020-12-30 00:00:00+09:00,176.0,177.0,173.0,177.0,155200,0.0,0.0
2021-01-04 00:00:00+09:00,172.0,175.0,169.0,175.0,390000,0.0,0.0
2021-01-05 00:00:00+09:00,175.0,176.0,172.0,176.0,140500,0.0,0.0
2021-01-06 00:00:00+09:00,174.0,181.0,174.0,181.0,175200,0.0,0.0
2021-01-07 00:00:00+09:00,180.0,180.0,177.0,178.0,225600,0.0,0.0
2021-01-08 00:00:00+09:00,179.0,179.0,175.0,176.0,163600,0.0,0.0
2021-01-12 00:00:00+09:00,177.0,177.0,173.0,177.0,169400,0.0,0.0
2021-01-13 00:00:00+09:00,177.0,182.0,176.0,181.0,281300,0.0,0.0
2021-01-14 00:00:00+09:00,181.0,182.0,175.0,178.0,442000,0.0,0.0
2021-01-15 00:00:00+09:00,170.0,177.0,170.0,177.0,427100,0.0,0.0
2021-01-18 00:00:00+09:00,175.0,179.0,173.0,177.0,150600,0.0,0.0
2021-01-19 00:00:00+09:00,177.0,183.0,177.0,181.0,263700,0.0,0.0
2021-01-20 00:00:00+09:00,181.0,183.0,177.0,181.0,199500,0.0,0.0
2021-01-21 00:00:00+09:00,182.0,185.0,181.0,185.0,256900,0.0,0.0
2021-01-22 00:00:00+09:00,185.0,193.0,184.0,190.0,455300,0.0,0.0
2021-01-25 00:00:00+09:00,189.0,189.0,185.0,188.0,171900,0.0,0.0
2021-01-26 00:00:00+09:00,188.0,192.0,183.0,191.0,403500,0.0,0.0
2021-01-27 00:00:00+09:00,195.0,195.0,192.0,192.0,245000,0.0,0.0
2021-01-28 00:00:00+09:00,188.0,190.0,187.0,189.0,180900,0.0,0.0
2021-01-29 00:00:00+09:00,190.0,191.0,185.0,185.0,265500,0.0,0.0
2021-02-01 00:00:00+09:00,182.0,190.0,182.0,187.0,94600,0.0,0.0
2021-02-02 00:00:00+09:00,189.0,191.0,186.0,188.0,244200,0.0,0.0
2021-02-03 00:00:00+09:00,187.0,192.0,186.0,186.0,275900,0.0,0.0
2021-02-04 00:00:00+09:00,187.0,199.0,187.0,199.0,781300,0.0,0.0
2021-02-05 00:00:00+09:00,199.0,206.0,195.0,204.0,812100,0.0,0.0
2021-02-08 00:00:00+09:00,205.0,206.0,201.0,204.0,402100,0.0,0.0
2021-02-09 00:00:00+09:00,206.0,221.0,205.0,220.0,1290600,0.0,0.0
2021-02-10 00:00:00+09:00,216.0,219.0,210.0,216.0,770500,0.0,0.0
2021-02-12 00:00:00+09:00,216.0,216.0,205.0,205.0,561600,0.0,0.0
2021-02-15 00:00:00+09:00,207.0,207.0,199.0,199.0,450000,0.0,0.0
2021-02-16 00:00:00+09:00,203.0,203.0,191.0,192.0,536700,0.0,0.0
2021-02-17 00:00:00+09:00,193.0,205.0,191.0,203.0,731800,0.0,0.0
2021-02-18 00:00:00+09:00,201.0,208.0,194.0,200.0,903900,0.0,0.0
2021-02-19 00:00:00+09:00,201.0,203.0,197.0,198.0,336300,0.0,0.0
2021-02-22 00:00:00+09:00,203.0,213.0,199.0,212.0,935200,0.0,0.0
2021-02-24 00:00:00+09:00,215.0,216.0,207.0,207.0,772000,0.0,0.0
2021-02-25 00:00:00+09:00,211.0,211.0,202.0,203.0,645200,0.0,0.0
2021-02-26 00:00:00+09:00,200.0,205.0,192.0,198.0,515200,0.0,0.0
2021-03-01 00:00:00+09:00,197.0,200.0,192.0,193.0,470600,0.0,0.0
2021-03-02 00:00:00+09:00,195.0,198.0,193.0,193.0,206300,0.0,0.0
2021-03-03 00:00:00+09:00,194.0,194.0,189.0,189.0,332500,0.0,0.0
2021-03-04 00:00:00+09:00,188.0,188.0,183.0,186.0,344200,0.0,0.0
2021-03-05 00:00:00+09:00,184.0,188.0,179.0,187.0,383500,0.0,0.0
2021-03-08 00:00:00+09:00,187.0,195.0,185.0,185.0,227500,0.0,0.0
2021-03-09 00:00:00+09:00,185.0,191.0,183.0,187.0,248900,0.0,0.0
2021-03-10 00:00:00+09:00,192.0,193.0,188.0,191.0,164700,0.0,0.0
2021-03-11 00:00:00+09:00,193.0,198.0,190.0,195.0,275000,0.0,0.0
2021-03-12 00:00:00+09:00,195.0,201.0,194.0,196.0,303500,0.0,0.0
2021-03-15 00:00:00+09:00,199.0,205.0,198.0,205.0,374700,0.0,0.0
2021-03-16 00:00:00+09:00,203.0,209.0,202.0,208.0,304400,0.0,0.0
2021-03-17 00:00:00+09:00,209.0,214.0,206.0,214.0,498200,0.0,0.0
2021-03-18 00:00:00+09:00,214.0,215.0,207.0,207.0,590000,0.0,0.0
2021-03-19 00:00:00+09:00,207.0,207.0,200.0,201.0,505900,0.0,0.0
2021-03-22 00:00:00+09:00,203.0,208.0,202.0,208.0,313900,0.0,0.0
2021-03-23 00:00:00+09:00,214.0,219.0,196.0,197.0,1791200,0.0,0.0
2021-03-24 00:00:00+09:00,195.0,197.0,189.0,191.0,586000,0.0,0.0
2021-03-25 00:00:00+09:00,192.0,197.0,190.0,196.0,194200,0.0,0.0
2021-03-26 00:00:00+09:00,198.0,207.0,197.0,206.0,530800,0.0,0.0
2021-03-29 00:00:00+09:00,203.0,206.0,200.0,200.0,258700,0.0,0.0
2021-03-30 00:00:00+09:00,198.0,201.0,197.0,200.0,177300,0.0,0.0
2021-03-31 00:00:00+09:00,200.0,204.0,200.0,203.0,156800,0.0,0.0
2021-04-01 00:00:00+09:00,201.0,206.0,200.0,204.0,311100,0.0,0.0
2021-04-02 00:00:00+09:00,206.0,212.0,205.0,207.0,717100,0.0,0.0
2021-04-05 00:00:00+09:00,209.0,210.0,204.0,210.0,309000,0.0,0.0
2021-04-06 00:00:00+09:00,209.0,212.0,203.0,203.0,464900,0.0,0.0
2021-04-07 00:00:00+09:00,203.0,206.0,202.0,206.0,143800,0.0,0.0
2021-04-08 00:00:00+09:00,203.0,204.0,201.0,202.0,211900,0.0,0.0
2021-04-09 00:00:00+09:00,202.0,202.0,200.0,201.0,173800,0.0,0.0
2021-04-12 00:00:00+09:00,201.0,202.0,199.0,201.0,143200,0.0,0.0
2021-04-13 00:00:00+09:00,200.0,200.0,197.0,197.0,199300,0.0,0.0
2021-04-14 00:00:00+09:00,197.0,197.0,192.0,194.0,298700,0.0,0.0
2021-04-15 00:00:00+09:00,192.0,192.0,187.0,190.0,392500,0.0,0.0
2021-04-16 00:00:00+09:00,198.0,203.0,192.0,201.0,583800,0.0,0.0
2021-04-19 00:00:00+09:00,201.0,203.0,197.0,203.0,310800,0.0,0.0
2021-04-20 00:00:00+09:00,202.0,210.0,199.0,202.0,857400,0.0,0.0
2021-04-21 00:00:00+09:00,201.0,201.0,194.0,196.0,401500,0.0,0.0
2021-04-22 00:00:00+09:00,205.0,206.0,200.0,201.0,468500,0.0,0.0
2021-04-23 00:00:00+09:00,200.0,202.0,196.0,198.0,246800,0.0,0.0
2021-04-26 00:00:00+09:00,198.0,198.0,195.0,197.0,185300,0.0,0.0
2021-04-27 00:00:00+09:00,200.0,202.0,198.0,198.0,221300,0.0,0.0
2021-04-28 00:00:00+09:00,200.0,200.0,193.0,193.0,215400,0.0,0.0
2021-04-30 00:00:00+09:00,193.0,196.0,189.0,192.0,286500,0.0,0.0
2021-05-06 00:00:00+09:00,191.0,192.0,189.0,190.0,80300,0.0,0.0
2021-05-07 00:00:00+09:00,190.0,190.0,187.0,188.0,213400,0.0,0.0
2021-05-10 00:00:00+09:00,189.0,190.0,186.0,188.0,215000,0.0,0.0
2021-05-11 00:00:00+09:00,188.0,188.0,184.0,184.0,369300,0.0,0.0
2021-05-12 00:00:00+09:00,182.0,183.0,176.0,180.0,559200,0.0,0.0
2021-05-13 00:00:00+09:00,176.0,180.0,174.0,175.0,229800,0.0,0.0
2021-05-14 00:00:00+09:00,176.0,180.0,175.0,177.0,151900,0.0,0.0
2021-05-17 00:00:00+09:00,177.0,178.0,170.0,170.0,444500,0.0,0.0
2021-05-18 00:00:00+09:00,172.0,178.0,172.0,176.0,173000,0.0,0.0
2021-05-19 00:00:00+09:00,173.0,178.0,173.0,175.0,147300,0.0,0.0
2021-05-20 00:00:00+09:00,174.0,179.0,173.0,175.0,326100,0.0,0.0
2021-05-21 00:00:00+09:00,178.0,179.0,175.0,175.0,191900,0.0,0.0
2021-05-24 00:00:00+09:00,177.0,177.0,171.0,172.0,200700,0.0,0.0
2021-05-25 00:00:00+09:00,182.0,182.0,175.0,179.0,373400,0.0,0.0
2021-05-26 00:00:00+09:00,179.0,180.0,176.0,178.0,217000,0.0,0.0
2021-05-27 00:00:00+09:00,178.0,180.0,176.0,176.0,203900,0.0,0.0
2021-05-28 00:00:00+09:00,177.0,182.0,176.0,180.0,261800,0.0,0.0
2021-05-31 00:00:00+09:00,181.0,187.0,178.0,180.0,398000,0.0,0.0
2021-06-01 00:00:00+09:00,179.0,180.0,176.0,180.0,197300,0.0,0.0
2021-06-02 00:00:00+09:00,179.0,181.0,178.0,181.0,134200,0.0,0.0
2021-06-03 00:00:00+09:00,180.0,182.0,179.0,179.0,82800,0.0,0.0
2021-06-04 00:00:00+09:00,179.0,179.0,176.0,178.0,127400,0.0,0.0
2021-06-07 00:00:00+09:00,179.0,181.0,178.0,179.0,120900,0.0,0.0
2021-06-08 00:00:00+09:00,180.0,184.0,180.0,183.0,143200,0.0,0.0
2021-06-09 00:00:00+09:00,182.0,185.0,182.0,184.0,119400,0.0,0.0
2021-06-10 00:00:00+09:00,184.0,184.0,181.0,182.0,89700,0.0,0.0
2021-06-11 00:00:00+09:00,183.0,184.0,179.0,180.0,68700,0.0,0.0
2021-06-14 00:00:00+09:00,182.0,183.0,178.0,180.0,99900,0.0,0.0
2021-06-15 00:00:00+09:00,179.0,182.0,179.0,182.0,67600,0.0,0.0
2021-06-16 00:00:00+09:00,181.0,183.0,179.0,179.0,143700,0.0,0.0
2021-06-17 00:00:00+09:00,182.0,182.0,176.0,179.0,228400,0.0,0.0
2021-06-18 00:00:00+09:00,178.0,178.0,175.0,176.0,202500,0.0,0.0
2021-06-21 00:00:00+09:00,173.0,173.0,170.0,172.0,248100,0.0,0.0
2021-06-22 00:00:00+09:00,174.0,178.0,172.0,176.0,170600,0.0,0.0
2021-06-23 00:00:00+09:00,176.0,176.0,172.0,172.0,89300,0.0,0.0
2021-06-24 00:00:00+09:00,176.0,176.0,172.0,173.0,89800,0.0,0.0
2021-06-25 00:00:00+09:00,174.0,175.0,172.0,174.0,86100,0.0,0.0
2021-06-28 00:00:00+09:00,174.0,178.0,171.0,178.0,146000,0.0,0.0
2021-06-29 00:00:00+09:00,177.0,180.0,175.0,177.0,155000,0.0,0.0
2021-06-30 00:00:00+09:00,178.0,181.0,176.0,180.0,88500,0.0,0.0
2021-07-01 00:00:00+09:00,179.0,179.0,175.0,175.0,71700,0.0,0.0
2021-07-02 00:00:00+09:00,176.0,178.0,175.0,178.0,94900,0.0,0.0
2021-07-05 00:00:00+09:00,178.0,179.0,177.0,178.0,76000,0.0,0.0
2021-07-06 00:00:00+09:00,179.0,180.0,178.0,179.0,61200,0.0,0.0
2021-07-07 00:00:00+09:00,179.0,179.0,176.0,176.0,128400,0.0,0.0
2021-07-08 00:00:00+09:00,176.0,176.0,172.0,173.0,116900,0.0,0.0
2021-07-09 00:00:00+09:00,172.0,184.0,171.0,177.0,836500,0.0,0.0
2021-07-12 00:00:00+09:00,177.0,184.0,175.0,184.0,441600,0.0,0.0
2021-07-13 00:00:00+09:00,185.0,227.0,185.0,203.0,10614700,0.0,0.0
2021-07-14 00:00:00+09:00,199.0,207.0,189.0,190.0,2301600,0.0,0.0
2021-07-15 00:00:00+09:00,188.0,189.0,178.0,178.0,1873200,0.0,0.0
2021-07-16 00:00:00+09:00,170.0,174.0,168.0,172.0,934900,0.0,0.0
2021-07-19 00:00:00+09:00,170.0,173.0,170.0,171.0,279500,0.0,0.0
2021-07-20 00:00:00+09:00,171.0,177.0,170.0,174.0,360500,0.0,0.0
2021-07-21 00:00:00+09:00,175.0,175.0,170.0,170.0,394600,0.0,0.0
2021-07-26 00:00:00+09:00,172.0,174.0,170.0,172.0,222800,0.0,0.0
2021-07-27 00:00:00+09:00,173.0,175.0,171.0,175.0,300800,0.0,0.0
2021-07-28 00:00:00+09:00,173.0,174.0,170.0,170.0,353700,0.0,0.0
2021-07-29 00:00:00+09:00,173.0,177.0,172.0,174.0,170500,0.0,0.0
2021-07-30 00:00:00+09:00,173.0,173.0,168.0,168.0,397500,0.0,0.0
2021-08-02 00:00:00+09:00,168.0,169.0,165.0,168.0,235500,0.0,0.0
2021-08-03 00:00:00+09:00,166.0,169.0,164.0,164.0,300100,0.0,0.0
2021-08-04 00:00:00+09:00,165.0,165.0,159.0,159.0,388200,0.0,0.0
2021-08-05 00:00:00+09:00,159.0,161.0,156.0,157.0,240300,0.0,0.0
2021-08-06 00:00:00+09:00,155.0,159.0,155.0,156.0,156300,0.0,0.0
2021-08-10 00:00:00+09:00,156.0,160.0,155.0,160.0,120100,0.0,0.0
2021-08-11 00:00:00+09:00,159.0,163.0,158.0,162.0,145400,0.0,0.0
2021-08-12 00:00:00+09:00,162.0,163.0,160.0,162.0,92700,0.0,0.0
2021-08-13 00:00:00+09:00,162.0,180.0,161.0,180.0,1420600,0.0,0.0
2021-08-16 00:00:00+09:00,183.0,200.0,171.0,193.0,3949000,0.0,0.0
2021-08-17 00:00:00+09:00,198.0,200.0,181.0,192.0,2484200,0.0,0.0
2021-08-18 00:00:00+09:00,185.0,197.0,181.0,190.0,1442200,0.0,0.0
2021-08-19 00:00:00+09:00,208.0,213.0,187.0,187.0,7183900,0.0,0.0
2021-08-20 00:00:00+09:00,188.0,209.0,188.0,195.0,3413800,0.0,0.0
2021-08-23 00:00:00+09:00,195.0,205.0,195.0,204.0,1884300,0.0,0.0
2021-08-24 00:00:00+09:00,210.0,241.0,205.0,215.0,12754300,0.0,0.0
2021-08-25 00:00:00+09:00,210.0,215.0,200.0,202.0,2690300,0.0,0.0
2021-08-26 00:00:00+09:00,197.0,200.0,186.0,188.0,2744900,0.0,0.0
2021-08-27 00:00:00+09:00,209.0,219.0,192.0,195.0,7424400,0.0,0.0
2021-08-30 00:00:00+09:00,191.0,196.0,188.0,190.0,1273600,0.0,0.0
2021-08-31 00:00:00+09:00,188.0,193.0,187.0,191.0,638900,0.0,0.0
2021-09-01 00:00:00+09:00,191.0,192.0,184.0,189.0,920500,0.0,0.0
2021-09-02 00:00:00+09:00,186.0,188.0,181.0,183.0,643000,0.0,0.0
2021-09-03 00:00:00+09:00,181.0,195.0,181.0,185.0,947300,0.0,0.0
2021-09-06 00:00:00+09:00,190.0,191.0,185.0,189.0,418300,0.0,0.0
2021-09-07 00:00:00+09:00,200.0,201.0,182.0,183.0,2719700,0.0,0.0
2021-09-08 00:00:00+09:00,184.0,190.0,183.0,189.0,724400,0.0,0.0
2021-09-09 00:00:00+09:00,187.0,191.0,186.0,188.0,474100,0.0,0.0
2021-09-10 00:00:00+09:00,191.0,193.0,189.0,191.0,758700,0.0,0.0
2021-09-13 00:00:00+09:00,191.0,191.0,183.0,189.0,878900,0.0,0.0
2021-09-14 00:00:00+09:00,189.0,189.0,186.0,186.0,329300,0.0,0.0
2021-09-15 00:00:00+09:00,186.0,217.0,185.0,190.0,8193300,0.0,0.0
2021-09-16 00:00:00+09:00,187.0,193.0,184.0,187.0,1548000,0.0,0.0
2021-09-17 00:00:00+09:00,188.0,190.0,185.0,187.0,954800,0.0,0.0
2021-09-21 00:00:00+09:00,183.0,186.0,181.0,186.0,570600,0.0,0.0
2021-09-22 00:00:00+09:00,185.0,187.0,181.0,183.0,574400,0.0,0.0
2021-09-24 00:00:00+09:00,185.0,185.0,181.0,182.0,336000,0.0,0.0
2021-09-27 00:00:00+09:00,182.0,183.0,180.0,181.0,381800,0.0,0.0
2021-09-28 00:00:00+09:00,181.0,182.0,177.0,177.0,455700,0.0,0.0
2021-09-29 00:00:00+09:00,175.0,179.0,173.0,176.0,621600,0.0,0.0
2021-09-30 00:00:00+09:00,177.0,180.0,171.0,173.0,526500,0.0,0.0
2021-10-01 00:00:00+09:00,173.0,175.0,169.0,170.0,350400,0.0,0.0
2021-10-04 00:00:00+09:00,169.0,172.0,164.0,167.0,772600,0.0,0.0
2021-10-05 00:00:00+09:00,164.0,165.0,158.0,162.0,777200,0.0,0.0
2021-10-06 00:00:00+09:00,163.0,168.0,161.0,165.0,487000,0.0,0.0
2021-10-07 00:00:00+09:00,163.0,176.0,163.0,171.0,847500,0.0,0.0
2021-10-08 00:00:00+09:00,172.0,176.0,171.0,172.0,205600,0.0,0.0
2021-10-11 00:00:00+09:00,171.0,172.0,168.0,172.0,347800,0.0,0.0
2021-10-12 00:00:00+09:00,172.0,172.0,167.0,167.0,152200,0.0,0.0
2021-10-13 00:00:00+09:00,167.0,167.0,163.0,166.0,357200,0.0,0.0
2021-10-14 00:00:00+09:00,165.0,168.0,163.0,163.0,225300,0.0,0.0
2021-10-15 00:00:00+09:00,166.0,168.0,164.0,165.0,296300,0.0,0.0
2021-10-18 00:00:00+09:00,165.0,173.0,165.0,169.0,422600,0.0,0.0
2021-10-19 00:00:00+09:00,170.0,174.0,170.0,173.0,174100,0.0,0.0
2021-10-20 00:00:00+09:00,195.0,195.0,183.0,183.0,5482900,0.0,0.0
2021-10-21 00:00:00+09:00,180.0,187.0,176.0,185.0,1836800,0.0,0.0
2021-10-22 00:00:00+09:00,181.0,183.0,177.0,177.0,697800,0.0,0.0
2021-10-25 00:00:00+09:00,177.0,184.0,175.0,182.0,472100,0.0,0.0
2021-10-26 00:00:00+09:00,183.0,185.0,179.0,181.0,334400,0.0,0.0
2021-10-27 00:00:00+09:00,185.0,186.0,178.0,183.0,900600,0.0,0.0
2021-10-28 00:00:00+09:00,186.0,188.0,179.0,180.0,1083400,0.0,0.0
2021-10-29 00:00:00+09:00,178.0,183.0,176.0,183.0,556800,0.0,0.0
2021-11-01 00:00:00+09:00,184.0,185.0,180.0,181.0,509900,0.0,0.0
2021-11-02 00:00:00+09:00,180.0,184.0,180.0,183.0,332800,0.0,0.0
2021-11-04 00:00:00+09:00,182.0,184.0,180.0,180.0,263700,0.0,0.0
2021-11-05 00:00:00+09:00,180.0,180.0,175.0,178.0,522700,0.0,0.0
2021-11-08 00:00:00+09:00,179.0,179.0,174.0,177.0,328900,0.0,0.0
2021-11-09 00:00:00+09:00,175.0,177.0,169.0,169.0,707800,0.0,0.0
2021-11-10 00:00:00+09:00,169.0,174.0,169.0,172.0,259300,0.0,0.0
2021-11-11 00:00:00+09:00,171.0,172.0,169.0,169.0,213300,0.0,0.0
2021-11-12 00:00:00+09:00,170.0,174.0,169.0,174.0,286000,0.0,0.0
2021-11-15 00:00:00+09:00,176.0,178.0,175.0,178.0,325900,0.0,0.0
2021-11-16 00:00:00+09:00,173.0,177.0,173.0,176.0,258400,0.0,0.0
2021-11-17 00:00:00+09:00,174.0,177.0,174.0,175.0,206400,0.0,0.0
2021-11-18 00:00:00+09:00,175.0,175.0,171.0,173.0,264800,0.0,0.0
2021-11-19 00:00:00+09:00,187.0,187.0,170.0,170.0,3014400,0.0,0.0
2021-11-22 00:00:00+09:00,171.0,171.0,165.0,168.0,591800,0.0,0.0
2021-11-24 00:00:00+09:00,167.0,170.0,166.0,170.0,316500,0.0,0.0
2021-11-25 00:00:00+09:00,168.0,170.0,165.0,166.0,349200,0.0,0.0
2021-11-26 00:00:00+09:00,169.0,169.0,163.0,165.0,506900,0.0,0.0
2021-11-29 00:00:00+09:00,162.0,166.0,160.0,161.0,459200,0.0,0.0
2021-11-30 00:00:00+09:00,162.0,165.0,156.0,156.0,540700,0.0,0.0
2021-12-01 00:00:00+09:00,155.0,159.0,152.0,158.0,527700,0.0,0.0
2021-12-02 00:00:00+09:00,165.0,168.0,151.0,151.0,1950200,0.0,0.0
2021-12-03 00:00:00+09:00,150.0,155.0,149.0,154.0,428800,0.0,0.0
2021-12-06 00:00:00+09:00,155.0,155.0,153.0,155.0,222600,0.0,0.0
2021-12-07 00:00:00+09:00,155.0,160.0,155.0,159.0,327400,0.0,0.0
2021-12-08 00:00:00+09:00,160.0,165.0,160.0,160.0,542900,0.0,0.0
2021-12-09 00:00:00+09:00,161.0,169.0,161.0,167.0,452100,0.0,0.0
2021-12-10 00:00:00+09:00,166.0,167.0,162.0,163.0,344800,0.0,0.0
2021-12-13 00:00:00+09:00,164.0,166.0,162.0,165.0,198400,0.0,0.0
2021-12-14 00:00:00+09:00,164.0,165.0,160.0,162.0,216300,0.0,0.0
2021-12-15 00:00:00+09:00,167.0,167.0,157.0,159.0,839500,0.0,0.0
2021-12-16 00:00:00+09:00,161.0,162.0,159.0,161.0,213600,0.0,0.0
2021-12-17 00:00:00+09:00,162.0,162.0,157.0,158.0,196200,0.0,0.0
2021-12-20 00:00:00+09:00,157.0,158.0,154.0,154.0,210500,0.0,0.0
2021-12-21 00:00:00+09:00,155.0,157.0,154.0,154.0,153600,0.0,0.0
2021-12-22 00:00:00+09:00,154.0,161.0,154.0,158.0,674500,0.0,0.0
2021-12-23 00:00:00+09:00,159.0,162.0,158.0,160.0,323600,0.0,0.0
2021-12-24 00:00:00+09:00,160.0,161.0,158.0,159.0,179800,0.0,0.0
2021-12-27 00:00:00+09:00,158.0,158.0,151.0,156.0,594700,0.0,0.0
2021-12-28 00:00:00+09:00,157.0,160.0,156.0,158.0,497000,0.0,0.0
2021-12-29 00:00:00+09:00,157.0,164.0,157.0,162.0,244000,0.0,0.0
2021-12-30 00:00:00+09:00,164.0,164.0,159.0,159.0,121500,0.0,0.0
2022-01-04 00:00:00+09:00,161.0,161.0,158.0,161.0,89600,0.0,0.0
2022-01-05 00:00:00+09:00,161.0,161.0,156.0,156.0,201300,0.0,0.0
2022-01-06 00:00:00+09:00,155.0,156.0,151.0,151.0,343900,0.0,0.0
2022-01-07 00:00:00+09:00,153.0,153.0,144.0,147.0,591700,0.0,0.0
2022-01-11 00:00:00+09:00,145.0,148.0,144.0,148.0,261500,0.0,0.0
2022-01-12 00:00:00+09:00,149.0,152.0,148.0,149.0,166100,0.0,0.0
2022-01-13 00:00:00+09:00,149.0,151.0,147.0,147.0,159800,0.0,0.0
2022-01-14 00:00:00+09:00,147.0,148.0,143.0,147.0,268700,0.0,0.0
2022-01-17 00:00:00+09:00,147.0,153.0,147.0,153.0,205700,0.0,0.0
2022-01-18 00:00:00+09:00,154.0,156.0,151.0,154.0,176000,0.0,0.0
2022-01-19 00:00:00+09:00,152.0,153.0,146.0,147.0,182500,0.0,0.0
2022-01-20 00:00:00+09:00,149.0,154.0,148.0,153.0,181800,0.0,0.0
2022-01-21 00:00:00+09:00,148.0,155.0,145.0,155.0,371600,0.0,0.0
2022-01-24 00:00:00+09:00,150.0,157.0,150.0,156.0,171100,0.0,0.0
2022-01-25 00:00:00+09:00,153.0,157.0,153.0,156.0,230500,0.0,0.0
2022-01-26 00:00:00+09:00,155.0,167.0,155.0,166.0,873200,0.0,0.0
2022-01-27 00:00:00+09:00,173.0,173.0,156.0,165.0,1822400,0.0,0.0
2022-01-28 00:00:00+09:00,163.0,168.0,158.0,164.0,451700,0.0,0.0
2022-01-31 00:00:00+09:00,163.0,170.0,161.0,170.0,414800,0.0,0.0
2022-02-01 00:00:00+09:00,170.0,171.0,166.0,166.0,265900,0.0,0.0
2022-02-02 00:00:00+09:00,165.0,168.0,165.0,168.0,114600,0.0,0.0
2022-02-03 00:00:00+09:00,166.0,170.0,165.0,169.0,118900,0.0,0.0
2022-02-04 00:00:00+09:00,167.0,170.0,165.0,170.0,232000,0.0,0.0
2022-02-07 00:00:00+09:00,171.0,180.0,169.0,179.0,1088000,0.0,0.0
2022-02-08 00:00:00+09:00,178.0,179.0,173.0,176.0,422700,0.0,0.0
2022-02-09 00:00:00+09:00,176.0,185.0,174.0,183.0,692100,0.0,0.0
2022-02-10 00:00:00+09:00,186.0,197.0,178.0,183.0,1814800,0.0,0.0
2022-02-14 00:00:00+09:00,181.0,190.0,178.0,183.0,669500,0.0,0.0
2022-02-15 00:00:00+09:00,181.0,186.0,179.0,182.0,297100,0.0,0.0
2022-02-16 00:00:00+09:00,183.0,184.0,179.0,180.0,228000,0.0,0.0
2022-02-17 00:00:00+09:00,179.0,183.0,177.0,177.0,350000,0.0,0.0
2022-02-18 00:00:00+09:00,175.0,180.0,173.0,179.0,147100,0.0,0.0
2022-02-21 00:00:00+09:00,179.0,181.0,176.0,180.0,257500,0.0,0.0
2022-02-22 00:00:00+09:00,176.0,180.0,172.0,173.0,252900,0.0,0.0
2022-02-24 00:00:00+09:00,170.0,172.0,158.0,159.0,598300,0.0,0.0
2022-02-25 00:00:00+09:00,154.0,173.0,154.0,170.0,515500,0.0,0.0
2022-02-28 00:00:00+09:00,173.0,180.0,172.0,179.0,344500,0.0,0.0
2022-03-01 00:00:00+09:00,177.0,185.0,177.0,184.0,365400,0.0,0.0
2022-03-02 00:00:00+09:00,184.0,185.0,179.0,183.0,232000,0.0,0.0
2022-03-03 00:00:00+09:00,183.0,183.0,179.0,179.0,170400,0.0,0.0
2022-03-04 00:00:00+09:00,178.0,178.0,172.0,174.0,189500,0.0,0.0
2022-03-07 00:00:00+09:00,174.0,174.0,168.0,173.0,291600,0.0,0.0
2022-03-08 00:00:00+09:00,170.0,175.0,169.0,169.0,289900,0.0,0.0
2022-03-09 00:00:00+09:00,170.0,172.0,164.0,166.0,271400,0.0,0.0
2022-03-10 00:00:00+09:00,168.0,173.0,168.0,170.0,174200,0.0,0.0
2022-03-11 00:00:00+09:00,167.0,172.0,166.0,169.0,94200,0.0,0.0
2022-03-14 00:00:00+09:00,165.0,171.0,165.0,167.0,210600,0.0,0.0
2022-03-15 00:00:00+09:00,166.0,171.0,166.0,170.0,108300,0.0,0.0
2022-03-16 00:00:00+09:00,172.0,175.0,172.0,172.0,67400,0.0,0.0
2022-03-17 00:00:00+09:00,174.0,175.0,170.0,171.0,100700,0.0,0.0
2022-03-18 00:00:00+09:00,172.0,180.0,172.0,178.0,213300,0.0,0.0
2022-03-22 00:00:00+09:00,179.0,180.0,175.0,177.0,117000,0.0,0.0
2022-03-23 00:00:00+09:00,179.0,179.0,172.0,172.0,204000,0.0,0.0
2022-03-24 00:00:00+09:00,171.0,178.0,171.0,175.0,160100,0.0,0.0
2022-03-25 00:00:00+09:00,176.0,176.0,170.0,171.0,264000,0.0,0.0
2022-03-28 00:00:00+09:00,171.0,172.0,169.0,171.0,87800,0.0,0.0
2022-03-29 00:00:00+09:00,169.0,172.0,169.0,172.0,62700,0.0,0.0
2022-03-30 00:00:00+09:00,172.0,179.0,172.0,179.0,230500,0.0,0.0
2022-03-31 00:00:00+09:00,178.0,181.0,175.0,178.0,169500,0.0,0.0
2022-04-01 00:00:00+09:00,173.0,175.0,164.0,168.0,740700,0.0,0.0
2022-04-04 00:00:00+09:00,166.0,166.0,164.0,165.0,161000,0.0,0.0
2022-04-05 00:00:00+09:00,169.0,170.0,166.0,166.0,148200,0.0,0.0
2022-04-06 00:00:00+09:00,166.0,167.0,164.0,165.0,91400,0.0,0.0
2022-04-07 00:00:00+09:00,164.0,165.0,161.0,163.0,170100,0.0,0.0
2022-04-08 00:00:00+09:00,163.0,165.0,161.0,161.0,118500,0.0,0.0
2022-04-11 00:00:00+09:00,162.0,162.0,156.0,157.0,237000,0.0,0.0
2022-04-12 00:00:00+09:00,156.0,159.0,156.0,156.0,91900,0.0,0.0
2022-04-13 00:00:00+09:00,157.0,160.0,157.0,160.0,93500,0.0,0.0
2022-04-14 00:00:00+09:00,159.0,160.0,156.0,158.0,143900,0.0,0.0
2022-04-15 00:00:00+09:00,158.0,161.0,157.0,159.0,81200,0.0,0.0
2022-04-18 00:00:00+09:00,160.0,160.0,156.0,157.0,113500,0.0,0.0
2022-04-19 00:00:00+09:00,157.0,158.0,156.0,157.0,256000,0.0,0.0
2022-04-20 00:00:00+09:00,157.0,158.0,155.0,156.0,164300,0.0,0.0
2022-04-21 00:00:00+09:00,156.0,157.0,154.0,154.0,200600,0.0,0.0
2022-04-22 00:00:00+09:00,154.0,154.0,151.0,153.0,173500,0.0,0.0
2022-04-25 00:00:00+09:00,152.0,154.0,151.0,153.0,100300,0.0,0.0
2022-04-26 00:00:00+09:00,151.0,160.0,151.0,156.0,330200,0.0,0.0
2022-04-27 00:00:00+09:00,154.0,161.0,154.0,157.0,371800,0.0,0.0
2022-04-28 00:00:00+09:00,157.0,158.0,152.0,153.0,208600,0.0,0.0
2022-05-02 00:00:00+09:00,154.0,156.0,152.0,152.0,94100,0.0,0.0
2022-05-06 00:00:00+09:00,152.0,152.0,147.0,147.0,311400,0.0,0.0
2022-05-09 00:00:00+09:00,144.0,146.0,143.0,143.0,291700,0.0,0.0
2022-05-10 00:00:00+09:00,142.0,147.0,140.0,145.0,189600,0.0,0.0
2022-05-11 00:00:00+09:00,145.0,147.0,144.0,145.0,178300,0.0,0.0
2022-05-12 00:00:00+09:00,146.0,146.0,141.0,142.0,169000,0.0,0.0
2022-05-13 00:00:00+09:00,141.0,147.0,141.0,146.0,148600,0.0,0.0
2022-05-16 00:00:00+09:00,147.0,148.0,143.0,147.0,121000,0.0,0.0
2022-05-17 00:00:00+09:00,144.0,148.0,143.0,143.0,163900,0.0,0.0
2022-05-18 00:00:00+09:00,144.0,150.0,144.0,150.0,202100,0.0,0.0
2022-05-19 00:00:00+09:00,155.0,162.0,150.0,162.0,692800,0.0,0.0
2022-05-20 00:00:00+09:00,167.0,167.0,154.0,159.0,550200,0.0,0.0
2022-05-23 00:00:00+09:00,156.0,156.0,149.0,150.0,339300,0.0,0.0
2022-05-24 00:00:00+09:00,150.0,152.0,148.0,149.0,199300,0.0,0.0
2022-05-25 00:00:00+09:00,149.0,149.0,144.0,145.0,175600,0.0,0.0
2022-05-26 00:00:00+09:00,146.0,150.0,146.0,150.0,128100,0.0,0.0
2022-05-27 00:00:00+09:00,150.0,150.0,147.0,149.0,94700,0.0,0.0
2022-05-30 00:00:00+09:00,150.0,151.0,148.0,151.0,50900,0.0,0.0
2022-05-31 00:00:00+09:00,150.0,151.0,146.0,148.0,209200,0.0,0.0
2022-06-01 00:00:00+09:00,150.0,151.0,148.0,150.0,56900,0.0,0.0
2022-06-02 00:00:00+09:00,154.0,158.0,150.0,152.0,386500,0.0,0.0
2022-06-03 00:00:00+09:00,152.0,154.0,150.0,151.0,133800,0.0,0.0
2022-06-06 00:00:00+09:00,153.0,156.0,152.0,156.0,119500,0.0,0.0
2022-06-07 00:00:00+09:00,154.0,155.0,151.0,151.0,146400,0.0,0.0
2022-06-08 00:00:00+09:00,152.0,154.0,151.0,152.0,128600,0.0,0.0
2022-06-09 00:00:00+09:00,153.0,155.0,153.0,154.0,88300,0.0,0.0
2022-06-10 00:00:00+09:00,153.0,157.0,152.0,157.0,141800,0.0,0.0
2022-06-13 00:00:00+09:00,155.0,155.0,150.0,150.0,142500,0.0,0.0
2022-06-14 00:00:00+09:00,150.0,152.0,148.0,152.0,148600,0.0,0.0
2022-06-15 00:00:00+09:00,151.0,152.0,147.0,148.0,153900,0.0,0.0
2022-06-16 00:00:00+09:00,149.0,150.0,146.0,146.0,82900,0.0,0.0
2022-06-17 00:00:00+09:00,146.0,149.0,145.0,148.0,122500,0.0,0.0
2022-06-20 00:00:00+09:00,146.0,148.0,144.0,144.0,104000,0.0,0.0
2022-06-21 00:00:00+09:00,146.0,149.0,145.0,149.0,56900,0.0,0.0
2022-06-22 00:00:00+09:00,148.0,148.0,145.0,147.0,87600,0.0,0.0
2022-06-23 00:00:00+09:00,147.0,149.0,146.0,148.0,49200,0.0,0.0
2022-06-24 00:00:00+09:00,149.0,151.0,148.0,150.0,59700,0.0,0.0
2022-06-27 00:00:00+09:00,150.0,150.0,148.0,149.0,36000,0.0,0.0
2022-06-28 00:00:00+09:00,150.0,158.0,150.0,158.0,251500,0.0,0.0
2022-06-29 00:00:00+09:00,154.0,155.0,151.0,153.0,139000,0.0,0.0
2022-06-30 00:00:00+09:00,153.0,154.0,151.0,153.0,93400,0.0,0.0
2022-07-01 00:00:00+09:00,152.0,154.0,149.0,149.0,87200,0.0,0.0
2022-07-04 00:00:00+09:00,148.0,151.0,146.0,146.0,135900,0.0,0.0
2022-07-05 00:00:00+09:00,148.0,149.0,146.0,148.0,91000,0.0,0.0
2022-07-06 00:00:00+09:00,148.0,149.0,146.0,147.0,126500,0.0,0.0
2022-07-07 00:00:00+09:00,148.0,148.0,145.0,147.0,148800,0.0,0.0
2022-07-08 00:00:00+09:00,147.0,149.0,146.0,148.0,110500,0.0,0.0
2022-07-11 00:00:00+09:00,149.0,149.0,147.0,148.0,29700,0.0,0.0
2022-07-12 00:00:00+09:00,153.0,156.0,148.0,148.0,475300,0.0,0.0
2022-07-13 00:00:00+09:00,149.0,150.0,147.0,147.0,108400,0.0,0.0
2022-07-14 00:00:00+09:00,147.0,149.0,147.0,147.0,68500,0.0,0.0
2022-07-15 00:00:00+09:00,148.0,149.0,145.0,149.0,139700,0.0,0.0
2022-07-19 00:00:00+09:00,147.0,150.0,146.0,150.0,139000,0.0,0.0
2022-07-20 00:00:00+09:00,151.0,156.0,150.0,152.0,415800,0.0,0.0
2022-07-21 00:00:00+09:00,153.0,156.0,153.0,156.0,118600,0.0,0.0
2022-07-22 00:00:00+09:00,156.0,168.0,155.0,168.0,857600,0.0,0.0
2022-07-25 00:00:00+09:00,163.0,165.0,158.0,158.0,269100,0.0,0.0
2022-07-26 00:00:00+09:00,159.0,159.0,154.0,155.0,253400,0.0,0.0
2022-07-27 00:00:00+09:00,152.0,158.0,152.0,154.0,154300,0.0,0.0
2022-07-28 00:00:00+09:00,159.0,163.0,157.0,161.0,339000,0.0,0.0
2022-07-29 00:00:00+09:00,161.0,161.0,156.0,156.0,157400,0.0,0.0
2022-08-01 00:00:00+09:00,157.0,159.0,156.0,159.0,67100,0.0,0.0
2022-08-02 00:00:00+09:00,157.0,159.0,155.0,158.0,62500,0.0,0.0
2022-08-03 00:00:00+09:00,157.0,158.0,155.0,156.0,54700,0.0,0.0
2022-08-04 00:00:00+09:00,152.0,157.0,152.0,155.0,366300,0.0,0.0
2022-08-05 00:00:00+09:00,155.0,155.0,152.0,153.0,426600,0.0,0.0
2022-08-08 00:00:00+09:00,154.0,154.0,151.0,152.0,80000,0.0,0.0
2022-08-09 00:00:00+09:00,154.0,154.0,147.0,147.0,412300,0.0,0.0
2022-08-10 00:00:00+09:00,148.0,150.0,145.0,146.0,564100,0.0,0.0
2022-08-12 00:00:00+09:00,144.0,148.0,144.0,147.0,263500,0.0,0.0
2022-08-15 00:00:00+09:00,148.0,149.0,146.0,147.0,190700,0.0,0.0
2022-08-16 00:00:00+09:00,147.0,148.0,144.0,146.0,282400,0.0,0.0
2022-08-17 00:00:00+09:00,146.0,149.0,146.0,148.0,120200,0.0,0.0
2022-08-18 00:00:00+09:00,146.0,149.0,146.0,147.0,53900,0.0,0.0
2022-08-19 00:00:00+09:00,147.0,148.0,146.0,147.0,82000,0.0,0.0
2022-08-22 00:00:00+09:00,146.0,148.0,144.0,144.0,267200,0.0,0.0
2022-08-23 00:00:00+09:00,145.0,146.0,144.0,146.0,69900,0.0,0.0
2022-08-24 00:00:00+09:00,146.0,147.0,145.0,146.0,58700,0.0,0.0
2022-08-25 00:00:00+09:00,146.0,147.0,145.0,145.0,37600,0.0,0.0
2022-08-26 00:00:00+09:00,145.0,147.0,145.0,145.0,80400,0.0,0.0
2022-08-29 00:00:00+09:00,143.0,144.0,140.0,143.0,235200,0.0,0.0
2022-08-30 00:00:00+09:00,144.0,145.0,142.0,143.0,131900,0.0,0.0
2022-08-31 00:00:00+09:00,158.0,163.0,145.0,151.0,2803900,0.0,0.0
2022-09-01 00:00:00+09:00,149.0,153.0,147.0,152.0,446200,0.0,0.0
2022-09-02 00:00:00+09:00,150.0,151.0,147.0,148.0,326600,0.0,0.0
2022-09-05 00:00:00+09:00,149.0,149.0,147.0,147.0,109300,0.0,0.0
2022-09-06 00:00:00+09:00,147.0,152.0,147.0,151.0,160600,0.0,0.0
2022-09-07 00:00:00+09:00,150.0,150.0,147.0,147.0,145500,0.0,0.0
2022-09-08 00:00:00+09:00,149.0,149.0,146.0,146.0,103500,0.0,0.0
2022-09-09 00:00:00+09:00,147.0,149.0,147.0,147.0,38400,0.0,0.0
2022-09-12 00:00:00+09:00,147.0,149.0,145.0,147.0,134600,0.0,0.0
2022-09-13 00:00:00+09:00,148.0,148.0,145.0,147.0,192400,0.0,0.0
2022-09-14 00:00:00+09:00,147.0,148.0,144.0,146.0,120900,0.0,0.0
2022-09-15 00:00:00+09:00,146.0,146.0,145.0,145.0,34300,0.0,0.0
2022-09-16 00:00:00+09:00,145.0,146.0,143.0,145.0,114400,0.0,0.0
2022-09-20 00:00:00+09:00,144.0,145.0,142.0,142.0,204400,0.0,0.0
2022-09-21 00:00:00+09:00,144.0,144.0,141.0,143.0,97400,0.0,0.0
2022-09-22 00:00:00+09:00,142.0,144.0,142.0,142.0,147300,0.0,0.0
2022-09-26 00:00:00+09:00,141.0,143.0,140.0,142.0,90100,0.0,0.0
2022-09-27 00:00:00+09:00,142.0,142.0,140.0,141.0,41300,0.0,0.0
2022-09-28 00:00:00+09:00,142.0,142.0,139.0,142.0,148100,0.0,0.0
2022-09-29 00:00:00+09:00,143.0,143.0,141.0,141.0,37100,0.0,0.0
2022-09-30 00:00:00+09:00,140.0,141.0,139.0,139.0,119600,0.0,0.0
2022-10-03 00:00:00+09:00,140.0,140.0,139.0,139.0,76900,0.0,0.0
2022-10-04 00:00:00+09:00,140.0,143.0,139.0,142.0,124000,0.0,0.0
2022-10-05 00:00:00+09:00,143.0,143.0,139.0,139.0,72500,0.0,0.0
2022-10-06 00:00:00+09:00,140.0,141.0,139.0,140.0,29100,0.0,0.0
2022-10-07 00:00:00+09:00,139.0,141.0,139.0,140.0,21400,0.0,0.0
2022-10-11 00:00:00+09:00,138.0,141.0,138.0,140.0,179300,0.0,0.0
2022-10-12 00:00:00+09:00,139.0,140.0,139.0,140.0,37100,0.0,0.0
2022-10-13 00:00:00+09:00,139.0,139.0,137.0,139.0,66500,0.0,0.0
2022-10-14 00:00:00+09:00,138.0,141.0,138.0,140.0,58600,0.0,0.0
2022-10-17 00:00:00+09:00,140.0,142.0,138.0,142.0,110300,0.0,0.0
2022-10-18 00:00:00+09:00,152.0,152.0,140.0,143.0,786300,0.0,0.0
2022-10-19 00:00:00+09:00,143.0,144.0,141.0,141.0,172300,0.0,0.0
2022-10-20 00:00:00+09:00,141.0,143.0,140.0,142.0,78800,0.0,0.0
2022-10-21 00:00:00+09:00,144.0,145.0,142.0,145.0,105400,0.0,0.0
2022-10-24 00:00:00+09:00,144.0,145.0,142.0,143.0,145400,0.0,0.0
2022-10-25 00:00:00+09:00,145.0,145.0,142.0,144.0,47800,0.0,0.0
2022-10-26 00:00:00+09:00,142.0,144.0,142.0,144.0,108200,0.0,0.0
2022-10-27 00:00:00+09:00,144.0,144.0,143.0,143.0,84100,0.0,0.0
2022-10-28 00:00:00+09:00,143.0,143.0,138.0,141.0,309100,0.0,0.0
2022-10-31 00:00:00+09:00,141.0,141.0,138.0,138.0,80700,0.0,0.0
2022-11-01 00:00:00+09:00,139.0,140.0,139.0,139.0,63900,0.0,0.0
2022-11-02 00:00:00+09:00,141.0,142.0,139.0,140.0,88600,0.0,0.0
2022-11-04 00:00:00+09:00,141.0,141.0,136.0,138.0,176400,0.0,0.0
2022-11-07 00:00:00+09:00,138.0,138.0,136.0,138.0,127000,0.0,0.0
2022-11-08 00:00:00+09:00,138.0,139.0,138.0,139.0,82800,0.0,0.0
2022-11-09 00:00:00+09:00,140.0,140.0,138.0,138.0,49200,0.0,0.0
2022-11-10 00:00:00+09:00,138.0,143.0,138.0,143.0,203600,0.0,0.0
2022-11-11 00:00:00+09:00,142.0,142.0,139.0,140.0,126400,0.0,0.0
2022-11-14 00:00:00+09:00,139.0,140.0,139.0,140.0,52600,0.0,0.0
2022-11-15 00:00:00+09:00,139.0,140.0,139.0,140.0,18900,0.0,0.0
2022-11-16 00:00:00+09:00,140.0,140.0,139.0,139.0,24800,0.0,0.0
2022-11-17 00:00:00+09:00,139.0,141.0,139.0,139.0,64200,0.0,0.0
2022-11-18 00:00:00+09:00,140.0,144.0,140.0,144.0,145600,0.0,0.0
2022-11-21 00:00:00+09:00,145.0,145.0,143.0,145.0,153200,0.0,0.0
2022-11-22 00:00:00+09:00,145.0,146.0,143.0,145.0,134900,0.0,0.0
2022-11-24 00:00:00+09:00,146.0,146.0,143.0,144.0,171400,0.0,0.0
2022-11-25 00:00:00+09:00,144.0,145.0,143.0,145.0,130000,0.0,0.0
2022-11-28 00:00:00+09:00,144.0,149.0,144.0,148.0,249600,0.0,0.0
2022-11-29 00:00:00+09:00,146.0,148.0,146.0,147.0,259300,0.0,0.0
2022-11-30 00:00:00+09:00,149.0,149.0,147.0,147.0,71900,0.0,0.0
2022-12-01 00:00:00+09:00,149.0,152.0,146.0,152.0,312200,0.0,0.0
2022-12-02 00:00:00+09:00,151.0,151.0,148.0,149.0,266700,0.0,0.0
2022-12-05 00:00:00+09:00,150.0,150.0,143.0,145.0,350100,0.0,0.0
2022-12-06 00:00:00+09:00,144.0,147.0,143.0,146.0,258800,0.0,0.0
2022-12-07 00:00:00+09:00,147.0,148.0,146.0,146.0,110200,0.0,0.0
2022-12-08 00:00:00+09:00,146.0,157.0,145.0,157.0,1127700,0.0,0.0
2022-12-09 00:00:00+09:00,156.0,156.0,151.0,156.0,825000,0.0,0.0
2022-12-12 00:00:00+09:00,156.0,161.0,154.0,159.0,1022100,0.0,0.0
2022-12-13 00:00:00+09:00,160.0,160.0,154.0,156.0,649200,0.0,0.0
2022-12-14 00:00:00+09:00,156.0,156.0,150.0,150.0,672900,0.0,0.0
2022-12-15 00:00:00+09:00,150.0,152.0,147.0,149.0,331500,0.0,0.0
2022-12-16 00:00:00+09:00,147.0,151.0,147.0,150.0,144100,0.0,0.0
2022-12-19 00:00:00+09:00,152.0,155.0,149.0,152.0,229200,0.0,0.0
2022-12-20 00:00:00+09:00,150.0,150.0,137.0,144.0,812000,0.0,0.0
2022-12-21 00:00:00+09:00,143.0,145.0,141.0,141.0,157300,0.0,0.0
2022-12-22 00:00:00+09:00,142.0,145.0,142.0,142.0,130500,0.0,0.0
2022-12-23 00:00:00+09:00,143.0,147.0,138.0,146.0,1005700,0.0,0.0
2022-12-26 00:00:00+09:00,148.0,149.0,138.0,139.0,769000,0.0,0.0
2022-12-27 00:00:00+09:00,140.0,142.0,139.0,140.0,219500,0.0,0.0
2022-12-28 00:00:00+09:00,139.0,140.0,136.0,138.0,509900,0.0,0.0
2022-12-29 00:00:00+09:00,137.0,140.0,136.0,140.0,97500,0.0,0.0
2022-12-30 00:00:00+09:00,139.0,141.0,139.0,141.0,85500,0.0,0.0
2023-01-04 00:00:00+09:00,140.0,142.0,140.0,140.0,76800,0.0,0.0
2023-01-05 00:00:00+09:00,140.0,141.0,138.0,138.0,95700,0.0,0.0
2023-01-06 00:00:00+09:00,138.0,138.0,136.0,138.0,96000,0.0,0.0
2023-01-10 00:00:00+09:00,138.0,139.0,136.0,138.0,106600,0.0,0.0
2023-01-11 00:00:00+09:00,138.0,140.0,138.0,140.0,70200,0.0,0.0
2023-01-12 00:00:00+09:00,140.0,140.0,138.0,140.0,81000,0.0,0.0
2023-01-13 00:00:00+09:00,140.0,140.0,137.0,139.0,98800,0.0,0.0
2023-01-16 00:00:00+09:00,138.0,139.0,137.0,137.0,157000,0.0,0.0
2023-01-17 00:00:00+09:00,136.0,136.0,132.0,132.0,437200,0.0,0.0
2023-01-18 00:00:00+09:00,132.0,135.0,132.0,133.0,106100,0.0,0.0
2023-01-19 00:00:00+09:00,134.0,134.0,133.0,133.0,70400,0.0,0.0
2023-01-20 00:00:00+09:00,133.0,134.0,132.0,132.0,150000,0.0,0.0
2023-01-23 00:00:00+09:00,133.0,134.0,132.0,133.0,86600,0.0,0.0
2023-01-24 00:00:00+09:00,134.0,136.0,133.0,134.0,93900,0.0,0.0
2023-01-25 00:00:00+09:00,134.0,138.0,134.0,136.0,88400,0.0,0.0
2023-01-26 00:00:00+09:00,136.0,138.0,134.0,137.0,97600,0.0,0.0
2023-01-27 00:00:00+09:00,138.0,138.0,135.0,135.0,128000,0.0,0.0
2023-01-30 00:00:00+09:00,135.0,138.0,135.0,136.0,77400,0.0,0.0
2023-01-31 00:00:00+09:00,136.0,137.0,135.0,135.0,50700,0.0,0.0
2023-02-01 00:00:00+09:00,135.0,137.0,135.0,137.0,78200,0.0,0.0
2023-02-02 00:00:00+09:00,137.0,137.0,135.0,135.0,47500,0.0,0.0
2023-02-03 00:00:00+09:00,135.0,136.0,133.0,135.0,124700,0.0,0.0
2023-02-06 00:00:00+09:00,133.0,135.0,133.0,134.0,75200,0.0,0.0
2023-02-07 00:00:00+09:00,134.0,135.0,133.0,134.0,40000,0.0,0.0
2023-02-08 00:00:00+09:00,135.0,141.0,135.0,141.0,272600,0.0,0.0
2023-02-09 00:00:00+09:00,140.0,140.0,136.0,136.0,147700,0.0,0.0
2023-02-10 00:00:00+09:00,141.0,145.0,136.0,137.0,637800,0.0,0.0
2023-02-13 00:00:00+09:00,137.0,137.0,133.0,134.0,126700,0.0,0.0
2023-02-14 00:00:00+09:00,135.0,135.0,133.0,133.0,76500,0.0,0.0
2023-02-15 00:00:00+09:00,133.0,135.0,132.0,135.0,111100,0.0,0.0
2023-02-16 00:00:00+09:00,135.0,136.0,133.0,133.0,60500,0.0,0.0
2023-02-17 00:00:00+09:00,133.0,134.0,132.0,132.0,137900,0.0,0.0
2023-02-20 00:00:00+09:00,133.0,134.0,132.0,132.0,101100,0.0,0.0
2023-02-21 00:00:00+09:00,133.0,133.0,131.0,131.0,162400,0.0,0.0
2023-02-22 00:00:00+09:00,130.0,132.0,130.0,132.0,164300,0.0,0.0
2023-02-24 00:00:00+09:00,132.0,133.0,130.0,130.0,113100,0.0,0.0
2023-02-27 00:00:00+09:00,131.0,132.0,128.0,130.0,111600,0.0,0.0
2023-02-28 00:00:00+09:00,129.0,130.0,127.0,129.0,156300,0.0,0.0
2023-03-01 00:00:00+09:00,129.0,130.0,128.0,130.0,69200,0.0,0.0
2023-03-02 00:00:00+09:00,130.0,130.0,128.0,128.0,33000,0.0,0.0
2023-03-03 00:00:00+09:00,129.0,130.0,128.0,129.0,65500,0.0,0.0
2023-03-06 00:00:00+09:00,129.0,130.0,128.0,128.0,74400,0.0,0.0
2023-03-07 00:00:00+09:00,129.0,130.0,128.0,130.0,57500,0.0,0.0
2023-03-08 00:00:00+09:00,130.0,131.0,129.0,129.0,33600,0.0,0.0
2023-03-09 00:00:00+09:00,130.0,130.0,128.0,130.0,111600,0.0,0.0
2023-03-10 00:00:00+09:00,129.0,130.0,128.0,128.0,39400,0.0,0.0
2023-03-13 00:00:00+09:00,126.0,127.0,125.0,125.0,166900,0.0,0.0
2023-03-14 00:00:00+09:00,124.0,125.0,115.0,119.0,572000,0.0,0.0
2023-03-15 00:00:00+09:00,120.0,123.0,120.0,123.0,96100,0.0,0.0
2023-03-16 00:00:00+09:00,120.0,122.0,117.0,119.0,181100,0.0,0.0
2023-03-17 00:00:00+09:00,120.0,122.0,120.0,120.0,89600,0.0,0.0
2023-03-20 00:00:00+09:00,121.0,121.0,115.0,116.0,224900,0.0,0.0
2023-03-22 00:00:00+09:00,117.0,120.0,117.0,119.0,58000,0.0,0.0
2023-03-23 00:00:00+09:00,118.0,122.0,117.0,122.0,116400,0.0,0.0
2023-03-24 00:00:00+09:00,123.0,123.0,117.0,120.0,102900,0.0,0.0
2023-03-27 00:00:00+09:00,121.0,121.0,118.0,120.0,74100,0.0,0.0
2023-03-28 00:00:00+09:00,118.0,119.0,116.0,117.0,86400,0.0,0.0
2023-03-29 00:00:00+09:00,119.0,120.0,118.0,120.0,58700,0.0,0.0
2023-03-30 00:00:00+09:00,121.0,124.0,120.0,120.0,128900,0.0,0.0
2023-03-31 00:00:00+09:00,121.0,122.0,118.0,118.0,86700,0.0,0.0
2023-04-03 00:00:00+09:00,117.0,120.0,117.0,120.0,69000,0.0,0.0
2023-04-04 00:00:00+09:00,120.0,122.0,118.0,121.0,70200,0.0,0.0
2023-04-05 00:00:00+09:00,120.0,120.0,118.0,118.0,36700,0.0,0.0
2023-04-06 00:00:00+09:00,119.0,119.0,116.0,116.0,79100,0.0,0.0
2023-04-07 00:00:00+09:00,118.0,118.0,115.0,115.0,156400,0.0,0.0
2023-04-10 00:00:00+09:00,116.0,116.0,116.0,116.0,64400,0.0,0.0
2023-04-11 00:00:00+09:00,115.0,117.0,115.0,115.0,119900,0.0,0.0
2023-04-12 00:00:00+09:00,115.0,116.0,115.0,115.0,46100,0.0,0.0
2023-04-13 00:00:00+09:00,115.0,118.0,115.0,118.0,90000,0.0,0.0
2023-04-14 00:00:00+09:00,119.0,126.0,118.0,124.0,343600,0.0,0.0
2023-04-17 00:00:00+09:00,118.0,119.0,110.0,112.0,599500,0.0,0.0
2023-04-18 00:00:00+09:00,113.0,115.0,112.0,114.0,141100,0.0,0.0
2023-04-19 00:00:00+09:00,114.0,115.0,113.0,113.0,64600,0.0,0.0
2023-04-20 00:00:00+09:00,112.0,114.0,112.0,112.0,101200,0.0,0.0
2023-04-21 00:00:00+09:00,113.0,113.0,110.0,110.0,149800,0.0,0.0
2023-04-24 00:00:00+09:00,110.0,112.0,110.0,112.0,94300,0.0,0.0
2023-04-25 00:00:00+09:00,112.0,113.0,110.0,112.0,103200,0.0,0.0
2023-04-26 00:00:00+09:00,111.0,112.0,109.0,109.0,93800,0.0,0.0
2023-04-27 00:00:00+09:00,109.0,111.0,109.0,110.0,69200,0.0,0.0
2023-04-28 00:00:00+09:00,110.0,112.0,110.0,112.0,34900,0.0,0.0
2023-05-01 00:00:00+09:00,112.0,112.0,110.0,112.0,66300,0.0,0.0
2023-05-02 00:00:00+09:00,112.0,112.0,110.0,110.0,29100,0.0,0.0
2023-05-08 00:00:00+09:00,110.0,112.0,110.0,112.0,28200,0.0,0.0
2023-05-09 00:00:00+09:00,112.0,113.0,111.0,111.0,34900,0.0,0.0
2023-05-10 00:00:00+09:00,111.0,113.0,110.0,111.0,85700,0.0,0.0
2023-05-11 00:00:00+09:00,111.0,112.0,110.0,110.0,43400,0.0,0.0
2023-05-12 00:00:00+09:00,110.0,110.0,106.0,108.0,227300,0.0,0.0
2023-05-15 00:00:00+09:00,106.0,107.0,103.0,104.0,386200,0.0,0.0
2023-05-16 00:00:00+09:00,102.0,103.0,98.0,99.0,348000,0.0,0.0
2023-05-17 00:00:00+09:00,98.0,98.0,92.0,93.0,650500,0.0,0.0
2023-05-18 00:00:00+09:00,94.0,112.0,94.0,98.0,2176700,0.0,0.0
2023-05-19 00:00:00+09:00,100.0,100.0,94.0,97.0,452300,0.0,0.0
2023-05-22 00:00:00+09:00,97.0,101.0,97.0,99.0,113300,0.0,0.0
2023-05-23 00:00:00+09:00,99.0,105.0,99.0,103.0,170200,0.0,0.0
2023-05-24 00:00:00+09:00,102.0,104.0,101.0,102.0,64200,0.0,0.0
2023-05-25 00:00:00+09:00,103.0,104.0,101.0,101.0,81700,0.0,0.0
2023-05-26 00:00:00+09:00,102.0,107.0,102.0,105.0,209300,0.0,0.0
2023-05-29 00:00:00+09:00,103.0,104.0,103.0,103.0,61900,0.0,0.0
2023-05-30 00:00:00+09:00,103.0,106.0,102.0,106.0,58500,0.0,0.0
2023-05-31 00:00:00+09:00,105.0,110.0,104.0,108.0,125300,0.0,0.0
2023-06-01 00:00:00+09:00,108.0,109.0,106.0,107.0,45900,0.0,0.0
2023-06-02 00:00:00+09:00,107.0,109.0,107.0,109.0,43700,0.0,0.0
2023-06-05 00:00:00+09:00,108.0,109.0,107.0,107.0,73000,0.0,0.0
2023-06-06 00:00:00+09:00,106.0,107.0,105.0,107.0,70300,0.0,0.0
2023-06-07 00:00:00+09:00,105.0,109.0,105.0,107.0,340900,0.0,0.0
2023-06-08 00:00:00+09:00,108.0,108.0,103.0,106.0,690300,0.0,0.0
2023-06-09 00:00:00+09:00,108.0,108.0,105.0,106.0,87600,0.0,0.0
2023-06-12 00:00:00+09:00,107.0,107.0,104.0,105.0,67500,0.0,0.0
2023-06-13 00:00:00+09:00,104.0,104.0,102.0,103.0,92000,0.0,0.0
2023-06-14 00:00:00+09:00,103.0,105.0,102.0,104.0,71700,0.0,0.0
2023-06-15 00:00:00+09:00,104.0,104.0,101.0,102.0,189500,0.0,0.0
2023-06-16 00:00:00+09:00,101.0,105.0,101.0,105.0,96100,0.0,0.0
2023-06-19 00:00:00+09:00,104.0,105.0,102.0,105.0,150500,0.0,0.0
2023-06-20 00:00:00+09:00,104.0,110.0,102.0,110.0,261900,0.0,0.0
2023-06-21 00:00:00+09:00,110.0,110.0,102.0,107.0,244700,0.0,0.0
2023-06-22 00:00:00+09:00,107.0,109.0,105.0,105.0,98600,0.0,0.0
2023-06-23 00:00:00+09:00,106.0,108.0,103.0,104.0,112800,0.0,0.0
2023-06-26 00:00:00+09:00,103.0,104.0,103.0,103.0,79500,0.0,0.0
2023-06-27 00:00:00+09:00,103.0,104.0,101.0,102.0,43600,0.0,0.0
2023-06-28 00:00:00+09:00,102.0,103.0,101.0,101.0,50900,0.0,0.0
2023-06-29 00:00:00+09:00,102.0,103.0,102.0,102.0,39400,0.0,0.0
2023-06-30 00:00:00+09:00,103.0,103.0,102.0,103.0,30800,0.0,0.0
2023-07-03 00:00:00+09:00,103.0,104.0,102.0,102.0,47600,0.0,0.0
2023-07-04 00:00:00+09:00,102.0,104.0,102.0,103.0,19700,0.0,0.0
2023-07-05 00:00:00+09:00,103.0,103.0,102.0,102.0,21700,0.0,0.0
2023-07-06 00:00:00+09:00,103.0,103.0,101.0,102.0,87500,0.0,0.0
2023-07-07 00:00:00+09:00,101.0,102.0,100.0,101.0,43900,0.0,0.0
2023-07-10 00:00:00+09:00,101.0,102.0,100.0,102.0,56400,0.0,0.0
2023-07-11 00:00:00+09:00,103.0,103.0,100.0,102.0,32400,0.0,0.0
2023-07-12 00:00:00+09:00,101.0,101.0,98.0,98.0,108400,0.0,0.0
2023-07-13 00:00:00+09:00,98.0,100.0,98.0,99.0,33200,0.0,0.0
2023-07-14 00:00:00+09:00,99.0,101.0,99.0,100.0,43500,0.0,0.0
2023-07-18 00:00:00+09:00,101.0,101.0,98.0,99.0,149800,0.0,0.0
2023-07-19 00:00:00+09:00,97.0,97.0,95.0,95.0,140400,0.0,0.0
2023-07-20 00:00:00+09:00,97.0,97.0,94.0,95.0,72800,0.0,0.0
2023-07-21 00:00:00+09:00,96.0,96.0,94.0,94.0,64800,0.0,0.0
2023-07-24 00:00:00+09:00,95.0,96.0,94.0,95.0,37200,0.0,0.0
2023-07-25 00:00:00+09:00,95.0,95.0,94.0,94.0,52200,0.0,0.0
2023-07-26 00:00:00+09:00,95.0,95.0,93.0,95.0,71500,0.0,0.0
2023-07-27 00:00:00+09:00,95.0,95.0,93.0,93.0,50300,0.0,0.0
2023-07-28 00:00:00+09:00,93.0,94.0,91.0,93.0,86500,0.0,0.0
2023-07-31 00:00:00+09:00,93.0,93.0,91.0,92.0,75100,0.0,0.0
2023-08-01 00:00:00+09:00,91.0,93.0,90.0,93.0,147700,0.0,0.0
2023-08-02 00:00:00+09:00,93.0,95.0,92.0,94.0,99600,0.0,0.0
2023-08-03 00:00:00+09:00,93.0,94.0,92.0,93.0,45300,0.0,0.0
2023-08-04 00:00:00+09:00,94.0,94.0,93.0,93.0,61400,0.0,0.0
2023-08-07 00:00:00+09:00,94.0,94.0,92.0,94.0,56300,0.0,0.0
2023-08-08 00:00:00+09:00,92.0,94.0,90.0,91.0,140000,0.0,0.0
2023-08-09 00:00:00+09:00,89.0,92.0,89.0,91.0,170500,0.0,0.0
2023-08-10 00:00:00+09:00,90.0,91.0,89.0,89.0,129500,0.0,0.0
2023-08-14 00:00:00+09:00,91.0,92.0,90.0,92.0,93100,0.0,0.0
2023-08-15 00:00:00+09:00,92.0,92.0,90.0,90.0,27200,0.0,0.0
2023-08-16 00:00:00+09:00,89.0,90.0,88.0,89.0,93100,0.0,0.0
2023-08-17 00:00:00+09:00,89.0,89.0,86.0,87.0,144400,0.0,0.0
2023-08-18 00:00:00+09:00,86.0,89.0,86.0,87.0,87600,0.0,0.0
2023-08-21 00:00:00+09:00,86.0,89.0,86.0,87.0,192400,0.0,0.0
2023-08-22 00:00:00+09:00,87.0,87.0,86.0,86.0,52800,0.0,0.0
2023-08-23 00:00:00+09:00,86.0,88.0,86.0,88.0,46900,0.0,0.0
2023-08-24 00:00:00+09:00,88.0,88.0,86.0,88.0,69300,0.0,0.0
2023-08-25 00:00:00+09:00,86.0,88.0,85.0,87.0,124600,0.0,0.0
2023-08-28 00:00:00+09:00,87.0,87.0,86.0,87.0,35500,0.0,0.0
2023-08-29 00:00:00+09:00,87.0,89.0,86.0,89.0,79100,0.0,0.0
2023-08-30 00:00:00+09:00,93.0,107.0,89.0,91.0,2133400,0.0,0.0
2023-08-31 00:00:00+09:00,90.0,92.0,89.0,91.0,357700,0.0,0.0
2023-09-01 00:00:00+09:00,90.0,91.0,90.0,90.0,99400,0.0,0.0
2023-09-04 00:00:00+09:00,91.0,92.0,90.0,91.0,54600,0.0,0.0
2023-09-05 00:00:00+09:00,92.0,92.0,91.0,91.0,37600,0.0,0.0
2023-09-06 00:00:00+09:00,91.0,91.0,90.0,90.0,36200,0.0,0.0
2023-09-07 00:00:00+09:00,91.0,91.0,89.0,89.0,60000,0.0,0.0
2023-09-08 00:00:00+09:00,89.0,90.0,88.0,89.0,123600,0.0,0.0
2023-09-11 00:00:00+09:00,88.0,89.0,85.0,87.0,128000,0.0,0.0
2023-09-12 00:00:00+09:00,86.0,88.0,86.0,87.0,42000,0.0,0.0
2023-09-13 00:00:00+09:00,86.0,88.0,86.0,88.0,31600,0.0,0.0
2023-09-14 00:00:00+09:00,86.0,87.0,85.0,86.0,149300,0.0,0.0
2023-09-15 00:00:00+09:00,86.0,87.0,85.0,85.0,76200,0.0,0.0
2023-09-19 00:00:00+09:00,85.0,85.0,82.0,82.0,189900,0.0,0.0
2023-09-20 00:00:00+09:00,82.0,82.0,80.0,81.0,151100,0.0,0.0
2023-09-21 00:00:00+09:00,81.0,82.0,81.0,81.0,39200,0.0,0.0
2023-09-22 00:00:00+09:00,81.0,84.0,81.0,83.0,73200,0.0,0.0
2023-09-25 00:00:00+09:00,82.0,86.0,82.0,86.0,88100,0.0,0.0
2023-09-26 00:00:00+09:00,87.0,87.0,85.0,85.0,60200,0.0,0.0
2023-09-27 00:00:00+09:00,92.0,102.0,85.0,87.0,2125900,0.0,0.0
2023-09-28 00:00:00+09:00,87.0,97.0,84.0,92.0,814200,0.0,0.0
2023-09-29 00:00:00+09:00,90.0,95.0,90.0,92.0,245500,0.0,0.0
2023-10-02 00:00:00+09:00,92.0,93.0,86.0,86.0,172800,0.0,0.0
2023-10-03 00:00:00+09:00,86.0,87.0,85.0,85.0,100000,0.0,0.0
2023-10-04 00:00:00+09:00,85.0,86.0,82.0,82.0,155100,0.0,0.0
2023-10-05 00:00:00+09:00,84.0,85.0,83.0,84.0,53100,0.0,0.0
2023-10-06 00:00:00+09:00,84.0,85.0,83.0,85.0,102000,0.0,0.0
2023-10-10 00:00:00+09:00,85.0,86.0,85.0,85.0,53000,0.0,0.0
2023-10-11 00:00:00+09:00,85.0,87.0,85.0,86.0,15800,0.0,0.0
2023-10-12 00:00:00+09:00,86.0,86.0,85.0,86.0,79200,0.0,0.0
2023-10-13 00:00:00+09:00,85.0,86.0,82.0,83.0,190300,0.0,0.0
2023-10-16 00:00:00+09:00,83.0,84.0,83.0,83.0,179200,0.0,0.0
2023-10-17 00:00:00+09:00,80.0,81.0,73.0,79.0,418500,0.0,0.0
2023-10-18 00:00:00+09:00,79.0,84.0,79.0,81.0,82200,0.0,0.0
2023-10-19 00:00:00+09:00,81.0,82.0,80.0,81.0,38000,0.0,0.0
2023-10-20 00:00:00+09:00,80.0,80.0,76.0,79.0,201000,0.0,0.0
2023-10-23 00:00:00+09:00,81.0,81.0,80.0,80.0,29100,0.0,0.0
2023-10-24 00:00:00+09:00,78.0,79.0,76.0,79.0,128000,0.0,0.0
2023-10-25 00:00:00+09:00,77.0,77.0,73.0,74.0,348700,0.0,0.0
2023-10-26 00:00:00+09:00,73.0,73.0,57.0,61.0,1852700,0.0,0.0
2023-10-27 00:00:00+09:00,60.0,60.0,54.0,55.0,989000,0.0,0.0
2023-10-30 00:00:00+09:00,52.0,54.0,51.0,52.0,496300,0.0,0.0
2023-10-31 00:00:00+09:00,52.0,52.0,50.0,52.0,397900,0.0,0.0
2023-11-01 00:00:00+09:00,52.0,52.0,49.0,50.0,375300,0.0,0.0
2023-11-02 00:00:00+09:00,51.0,56.0,50.0,55.0,616900,0.0,0.0
2023-11-06 00:00:00+09:00,56.0,60.0,54.0,59.0,509300,0.0,0.0
2023-11-07 00:00:00+09:00,59.0,59.0,57.0,59.0,171600,0.0,0.0
2023-11-08 00:00:00+09:00,57.0,58.0,56.0,56.0,155700,0.0,0.0
2023-11-09 00:00:00+09:00,57.0,57.0,55.0,57.0,84600,0.0,0.0
2023-11-10 00:00:00+09:00,57.0,57.0,53.0,54.0,223200,0.0,0.0
2023-11-13 00:00:00+09:00,54.0,54.0,53.0,53.0,79500,0.0,0.0
2023-11-14 00:00:00+09:00,53.0,53.0,50.0,51.0,242200,0.0,0.0
2023-11-15 00:00:00+09:00,50.0,52.0,46.0,52.0,614300,0.0,0.0
2023-11-16 00:00:00+09:00,51.0,52.0,50.0,52.0,83500,0.0,0.0
2023-11-17 00:00:00+09:00,51.0,52.0,50.0,52.0,156700,0.0,0.0
2023-11-20 00:00:00+09:00,52.0,53.0,51.0,52.0,81100,0.0,0.0
2023-11-21 00:00:00+09:00,55.0,82.0,54.0,82.0,13770700,0.0,0.0
2023-11-22 00:00:00+09:00,91.0,96.0,74.0,90.0,11220200,0.0,0.0
2023-11-24 00:00:00+09:00,85.0,87.0,76.0,78.0,3684400,0.0,0.0
2023-11-27 00:00:00+09:00,74.0,76.0,68.0,68.0,1480800,0.0,0.0
2023-11-28 00:00:00+09:00,68.0,81.0,63.0,68.0,4877000,0.0,0.0
2023-11-29 00:00:00+09:00,65.0,68.0,63.0,64.0,1693400,0.0,0.0
2023-11-30 00:00:00+09:00,64.0,64.0,61.0,61.0,829000,0.0,0.0
2023-12-01 00:00:00+09:00,61.0,62.0,57.0,59.0,1566100,0.0,0.0
2023-12-04 00:00:00+09:00,62.0,72.0,54.0,55.0,4784300,0.0,0.0
2023-12-05 00:00:00+09:00,55.0,55.0,53.0,53.0,809500,0.0,0.0
2023-12-06 00:00:00+09:00,53.0,55.0,52.0,53.0,422700,0.0,0.0
2023-12-07 00:00:00+09:00,53.0,53.0,51.0,51.0,723300,0.0,0.0
2023-12-08 00:00:00+09:00,48.0,53.0,48.0,51.0,1216700,0.0,0.0
2023-12-11 00:00:00+09:00,51.0,53.0,49.0,49.0,690400,0.0,0.0
2023-12-12 00:00:00+09:00,49.0,50.0,48.0,48.0,657800,0.0,0.0
2023-12-13 00:00:00+09:00,49.0,50.0,48.0,48.0,615300,0.0,0.0
2023-12-14 00:00:00+09:00,48.0,49.0,47.0,49.0,417900,0.0,0.0
2023-12-15 00:00:00+09:00,49.0,49.0,47.0,47.0,517000,0.0,0.0
2023-12-18 00:00:00+09:00,47.0,47.0,42.0,42.0,1108800,0.0,0.0
2023-12-19 00:00:00+09:00,42.0,43.0,37.0,37.0,1190400,0.0,0.0
2023-12-20 00:00:00+09:00,44.0,52.0,39.0,39.0,6884600,0.0,0.0
2023-12-21 00:00:00+09:00,38.0,38.0,35.0,36.0,1720400,0.0,0.0
2023-12-22 00:00:00+09:00,36.0,36.0,35.0,36.0,560500,0.0,0.0
2023-12-25 00:00:00+09:00,35.0,36.0,32.0,33.0,953300,0.0,0.0
2023-12-26 00:00:00+09:00,33.0,34.0,32.0,34.0,863500,0.0,0.0
2023-12-27 00:00:00+09:00,33.0,37.0,33.0,36.0,840500,0.0,0.0
2023-12-28 00:00:00+09:00,36.0,38.0,35.0,38.0,600900,0.0,0.0
2023-12-29 00:00:00+09:00,38.0,38.0,36.0,38.0,705400,0.0,0.0
2024-01-04 00:00:00+09:00,37.0,39.0,36.0,38.0,442100,0.0,0.0
2024-01-05 00:00:00+09:00,38.0,44.0,38.0,40.0,1148200,0.0,0.0
2024-01-09 00:00:00+09:00,40.0,41.0,39.0,41.0,472400,0.0,0.0
2024-01-10 00:00:00+09:00,41.0,41.0,38.0,39.0,543900,0.0,0.0
2024-01-11 00:00:00+09:00,40.0,41.0,39.0,40.0,221500,0.0,0.0
2024-01-12 00:00:00+09:00,40.0,40.0,38.0,40.0,702900,0.0,0.0
2024-01-15 00:00:00+09:00,40.0,40.0,39.0,40.0,50200,0.0,0.0
2024-01-16 00:00:00+09:00,40.0,40.0,37.0,39.0,588600,0.0,0.0
2024-01-17 00:00:00+09:00,38.0,39.0,37.0,37.0,221900,0.0,0.0
2024-01-18 00:00:00+09:00,37.0,38.0,36.0,38.0,489700,0.0,0.0
2024-01-19 00:00:00+09:00,38.0,38.0,36.0,36.0,93600,0.0,0.0
2024-01-22 00:00:00+09:00,37.0,37.0,35.0,36.0,270500,0.0,0.0
2024-01-23 00:00:00+09:00,37.0,43.0,36.0,36.0,2731500,0.0,0.0
2024-01-24 00:00:00+09:00,37.0,38.0,36.0,37.0,670100,0.0,0.0
2024-01-25 00:00:00+09:00,52.0,61.0,41.0,42.0,33905700,0.0,0.0
2024-01-26 00:00:00+09:00,45.0,48.0,41.0,42.0,9791500,0.0,0.0
2024-01-29 00:00:00+09:00,42.0,42.0,38.0,41.0,3804100,0.0,0.0
2024-01-30 00:00:00+09:00,40.0,40.0,37.0,38.0,3130300,0.0,0.0
2024-01-31 00:00:00+09:00,37.0,37.0,36.0,37.0,953200,0.0,0.0
2024-02-01 00:00:00+09:00,36.0,37.0,35.0,36.0,1197800,0.0,0.0
2024-02-02 00:00:00+09:00,36.0,37.0,36.0,37.0,559500,0.0,0.0
2024-02-05 00:00:00+09:00,37.0,37.0,35.0,37.0,954500,0.0,0.0
2024-02-06 00:00:00+09:00,36.0,37.0,35.0,36.0,416400,0.0,0.0
2024-02-07 00:00:00+09:00,40.0,42.0,37.0,38.0,4800300,0.0,0.0
2024-02-08 00:00:00+09:00,38.0,38.0,36.0,37.0,1159900,0.0,0.0
2024-02-09 00:00:00+09:00,37.0,42.0,37.0,39.0,4313200,0.0,0.0
2024-02-13 00:00:00+09:00,38.0,39.0,37.0,39.0,1386500,0.0,0.0
2024-02-14 00:00:00+09:00,39.0,39.0,36.0,37.0,1928000,0.0,0.0
2024-02-15 00:00:00+09:00,36.0,37.0,35.0,36.0,1702400,0.0,0.0
2024-02-16 00:00:00+09:00,34.0,36.0,33.0,35.0,1962700,0.0,0.0
2024-02-19 00:00:00+09:00,35.0,37.0,34.0,36.0,831600,0.0,0.0
2024-02-20 00:00:00+09:00,37.0,38.0,36.0,36.0,1151200,0.0,0.0
2024-02-21 00:00:00+09:00,36.0,41.0,35.0,37.0,3864400,0.0,0.0
2024-02-22 00:00:00+09:00,37.0,38.0,36.0,36.0,635700,0.0,0.0
2024-02-26 00:00:00+09:00,37.0,38.0,36.0,37.0,775700,0.0,0.0
2024-02-27 00:00:00+09:00,38.0,39.0,36.0,39.0,811500,0.0,0.0
2024-02-28 00:00:00+09:00,39.0,40.0,38.0,40.0,1109900,0.0,0.0
2024-02-29 00:00:00+09:00,40.0,41.0,39.0,41.0,1942200,0.0,0.0
2024-03-01 00:00:00+09:00,41.0,41.0,39.0,40.0,1243600,0.0,0.0
2024-03-04 00:00:00+09:00,54.0,54.0,44.0,48.0,12730500,0.0,0.0
2024-03-05 00:00:00+09:00,50.0,50.0,45.0,48.0,5210500,0.0,0.0
2024-03-06 00:00:00+09:00,47.0,47.0,43.0,46.0,3938400,0.0,0.0
2024-03-07 00:00:00+09:00,47.0,54.0,45.0,46.0,6959500,0.0,0.0
2024-03-08 00:00:00+09:00,46.0,46.0,43.0,45.0,2453600,0.0,0.0
2024-03-11 00:00:00+09:00,44.0,46.0,40.0,43.0,4643700,0.0,0.0
2024-03-12 00:00:00+09:00,42.0,43.0,40.0,42.0,1521400,0.0,0.0
2024-03-13 00:00:00+09:00,42.0,44.0,41.0,43.0,1067300,0.0,0.0
2024-03-14 00:00:00+09:00,42.0,43.0,40.0,42.0,1833500,0.0,0.0
2024-03-15 00:00:00+09:00,44.0,47.0,41.0,43.0,3187500,0.0,0.0
2024-03-18 00:00:00+09:00,43.0,45.0,41.0,44.0,1299400,0.0,0.0
2024-03-19 00:00:00+09:00,43.0,44.0,43.0,44.0,299000,0.0,0.0
2024-03-21 00:00:00+09:00,44.0,44.0,42.0,44.0,873400,0.0,0.0
2024-03-22 00:00:00+09:00,43.0,44.0,43.0,43.0,182300,0.0,0.0
2024-03-25 00:00:00+09:00,43.0,44.0,42.0,42.0,1044500,0.0,0.0
2024-03-26 00:00:00+09:00,42.0,43.0,40.0,41.0,1623000,0.0,0.0
2024-03-27 00:00:00+09:00,41.0,41.0,38.0,40.0,1399500,0.0,0.0
2024-03-28 00:00:00+09:00,40.0,41.0,39.0,40.0,656300,0.0,0.0
2024-03-29 00:00:00+09:00,40.0,41.0,39.0,41.0,525000,0.0,0.0
2024-04-01 00:00:00+09:00,41.0,42.0,40.0,42.0,609200,0.0,0.0
2024-04-02 00:00:00+09:00,41.0,42.0,40.0,42.0,649600,0.0,0.0
2024-04-03 00:00:00+09:00,41.0,41.0,39.0,41.0,796400,0.0,0.0
2024-04-04 00:00:00+09:00,41.0,41.0,38.0,40.0,821000,0.0,0.0
2024-04-05 00:00:00+09:00,38.0,40.0,38.0,40.0,977500,0.0,0.0
2024-04-08 00:00:00+09:00,39.0,40.0,37.0,38.0,1357100,0.0,0.0
2024-04-09 00:00:00+09:00,48.0,52.0,42.0,47.0,26213800,0.0,0.0
2024-04-10 00:00:00+09:00,51.0,62.0,46.0,46.0,29666100,0.0,0.0
2024-04-11 00:00:00+09:00,47.0,49.0,45.0,47.0,3746000,0.0,0.0
2024-04-12 00:00:00+09:00,48.0,48.0,43.0,44.0,3975000,0.0,0.0
2024-04-15 00:00:00+09:00,42.0,46.0,41.0,44.0,4738800,0.0,0.0
2024-04-16 00:00:00+09:00,44.0,44.0,41.0,42.0,2834900,0.0,0.0
2024-04-17 00:00:00+09:00,42.0,42.0,40.0,41.0,2015200,0.0,0.0
2024-04-18 00:00:00+09:00,40.0,41.0,39.0,39.0,2612400,0.0,0.0
2024-04-19 00:00:00+09:00,40.0,41.0,39.0,40.0,2088500,0.0,0.0
2024-04-22 00:00:00+09:00,41.0,43.0,39.0,42.0,2519900,0.0,0.0
2024-04-23 00:00:00+09:00,42.0,44.0,42.0,44.0,1937200,0.0,0.0
2024-04-24 00:00:00+09:00,44.0,45.0,43.0,45.0,1607400,0.0,0.0
2024-04-25 00:00:00+09:00,44.0,44.0,42.0,42.0,744700,0.0,0.0
2024-04-26 00:00:00+09:00,41.0,43.0,41.0,43.0,2010700,0.0,0.0
2024-04-30 00:00:00+09:00,42.0,43.0,40.0,40.0,2231500,0.0,0.0
2024-05-01 00:00:00+09:00,40.0,41.0,39.0,40.0,1129500,0.0,0.0
2024-05-02 00:00:00+09:00,40.0,41.0,39.0,39.0,888100,0.0,0.0
2024-05-07 00:00:00+09:00,40.0,42.0,40.0,41.0,784200,0.0,0.0
2024-05-08 00:00:00+09:00,42.0,43.0,41.0,41.0,537600,0.0,0.0
2024-05-09 00:00:00+09:00,41.0,42.0,40.0,41.0,558200,0.0,0.0
2024-05-10 00:00:00+09:00,42.0,43.0,41.0,41.0,820100,0.0,0.0
2024-05-13 00:00:00+09:00,39.0,40.0,38.0,40.0,1686900,0.0,0.0
2024-05-14 00:00:00+09:00,40.0,42.0,39.0,41.0,994900,0.0,0.0
2024-05-15 00:00:00+09:00,41.0,42.0,39.0,40.0,843000,0.0,0.0
2024-05-16 00:00:00+09:00,39.0,39.0,37.0,38.0,2963700,0.0,0.0
2024-05-17 00:00:00+09:00,38.0,39.0,38.0,38.0,367300,0.0,0.0
2024-05-20 00:00:00+09:00,38.0,40.0,38.0,39.0,868000,0.0,0.0
2024-05-21 00:00:00+09:00,39.0,40.0,38.0,39.0,1205700,0.0,0.0
2024-05-22 00:00:00+09:00,39.0,40.0,38.0,39.0,1473500,0.0,0.0
2024-05-23 00:00:00+09:00,38.0,39.0,37.0,37.0,1805600,0.0,0.0
2024-05-24 00:00:00+09:00,38.0,46.0,38.0,41.0,8635800,0.0,0.0
2024-05-27 00:00:00+09:00,40.0,48.0,39.0,45.0,7527300,0.0,0.0
2024-05-28 00:00:00+09:00,44.0,46.0,41.0,41.0,4974200,0.0,0.0
2024-05-29 00:00:00+09:00,41.0,45.0,41.0,43.0,2800400,0.0,0.0
2024-05-30 00:00:00+09:00,42.0,43.0,39.0,39.0,4733800,0.0,0.0
2024-05-31 00:00:00+09:00,39.0,42.0,39.0,41.0,1047400,0.0,0.0
2024-06-03 00:00:00+09:00,41.0,43.0,41.0,41.0,941900,0.0,0.0
2024-06-04 00:00:00+09:00,41.0,42.0,40.0,40.0,1589900,0.0,0.0
2024-06-05 00:00:00+09:00,41.0,42.0,40.0,40.0,994200,0.0,0.0
2024-06-06 00:00:00+09:00,40.0,42.0,39.0,40.0,1685100,0.0,0.0
2024-06-07 00:00:00+09:00,41.0,41.0,39.0,40.0,1084800,0.0,0.0
2024-06-10 00:00:00+09:00,40.0,41.0,39.0,41.0,565300,0.0,0.0
2024-06-11 00:00:00+09:00,40.0,40.0,39.0,39.0,1138100,0.0,0.0
2024-06-12 00:00:00+09:00,39.0,45.0,39.0,45.0,5233300,0.0,0.0
2024-06-13 00:00:00+09:00,44.0,55.0,42.0,49.0,16924200,0.0,0.0
2024-06-14 00:00:00+09:00,50.0,57.0,48.0,56.0,9058000,0.0,0.0
2024-06-17 00:00:00+09:00,36.0,38.0,34.0,36.0,25338900,0.0,0.0
2024-06-18 00:00:00+09:00,35.0,36.0,34.0,34.0,3152800,0.0,0.0
2024-06-19 00:00:00+09:00,34.0,34.0,30.0,31.0,7473800,0.0,0.0
2024-06-20 00:00:00+09:00,32.0,34.0,32.0,34.0,2741700,0.0,0.0
2024-06-21 00:00:00+09:00,34.0,35.0,33.0,33.0,1422800,0.0,0.0
2024-06-24 00:00:00+09:00,34.0,34.0,32.0,33.0,1336800,0.0,0.0
2024-06-25 00:00:00+09:00,33.0,33.0,31.0,31.0,2313600,0.0,0.0
2024-06-26 00:00:00+09:00,32.0,33.0,31.0,31.0,2016300,0.0,0.0
2024-06-27 00:00:00+09:00,32.0,34.0,32.0,33.0,2320300,0.0,0.0
2024-06-28 00:00:00+09:00,34.0,34.0,32.0,33.0,2583900,0.0,0.0
2024-07-01 00:00:00+09:00,33.0,33.0,32.0,33.0,445400,0.0,0.0
2024-07-02 00:00:00+09:00,33.0,34.0,32.0,33.0,450700,0.0,0.0
2024-07-03 00:00:00+09:00,34.0,37.0,32.0,34.0,7584400,0.0,0.0
2024-07-04 00:00:00+09:00,33.0,34.0,32.0,32.0,1137000,0.0,0.0
2024-07-05 00:00:00+09:00,33.0,34.0,32.0,33.0,1726800,0.0,0.0
2024-07-08 00:00:00+09:00,33.0,33.0,32.0,33.0,321300,0.0,0.0
2024-07-09 00:00:00+09:00,33.0,34.0,32.0,33.0,442400,0.0,0.0
2024-07-10 00:00:00+09:00,32.0,33.0,32.0,33.0,378200,0.0,0.0
2024-07-11 00:00:00+09:00,33.0,33.0,31.0,32.0,1869100,0.0,0.0
2024-07-12 00:00:00+09:00,32.0,33.0,31.0,32.0,694600,0.0,0.0
2024-07-16 00:00:00+09:00,32.0,33.0,32.0,33.0,279400,0.0,0.0
2024-07-17 00:00:00+09:00,32.0,33.0,32.0,32.0,281500,0.0,0.0
2024-07-18 00:00:00+09:00,32.0,33.0,32.0,32.0,304800,0.0,0.0
2024-07-19 00:00:00+09:00,32.0,33.0,32.0,32.0,879200,0.0,0.0
2024-07-22 00:00:00+09:00,32.0,32.0,31.0,31.0,741300,0.0,0.0
2024-07-23 00:00:00+09:00,31.0,32.0,30.0,31.0,1585800,0.0,0.0
2024-07-24 00:00:00+09:00,31.0,32.0,30.0,31.0,1503900,0.0,0.0
2024-07-25 00:00:00+09:00,31.0,31.0,30.0,30.0,612400,0.0,0.0
2024-07-26 00:00:00+09:00,30.0,32.0,30.0,32.0,1418800,0.0,0.0
2024-07-29 00:00:00+09:00,31.0,33.0,31.0,31.0,1678200,0.0,0.0
2024-07-30 00:00:00+09:00,32.0,33.0,32.0,32.0,701300,0.0,0.0
2024-07-31 00:00:00+09:00,32.0,33.0,31.0,33.0,1777400,0.0,0.0
2024-08-01 00:00:00+09:00,32.0,35.0,31.0,35.0,3713800,0.0,0.0
2024-08-02 00:00:00+09:00,34.0,35.0,31.0,32.0,3182100,0.0,0.0
2024-08-05 00:00:00+09:00,30.0,30.0,20.0,23.0,6422800,0.0,0.0
2024-08-06 00:00:00+09:00,25.0,28.0,25.0,26.0,2698600,0.0,0.0
2024-08-07 00:00:00+09:00,25.0,29.0,25.0,27.0,1958000,0.0,0.0
2024-08-08 00:00:00+09:00,28.0,29.0,27.0,29.0,878000,0.0,0.0
2024-08-09 00:00:00+09:00,29.0,30.0,27.0,28.0,1101500,0.0,0.0
2024-08-13 00:00:00+09:00,29.0,29.0,28.0,28.0,413700,0.0,0.0
2024-08-14 00:00:00+09:00,29.0,31.0,28.0,31.0,1061800,0.0,0.0
2024-08-15 00:00:00+09:00,31.0,33.0,30.0,32.0,1301900,0.0,0.0
2024-08-16 00:00:00+09:00,31.0,33.0,30.0,32.0,915500,0.0,0.0
2024-08-19 00:00:00+09:00,32.0,33.0,31.0,31.0,499400,0.0,0.0
2024-08-20 00:00:00+09:00,31.0,33.0,31.0,31.0,804000,0.0,0.0
2024-08-21 00:00:00+09:00,31.0,31.0,30.0,31.0,415000,0.0,0.0
2024-08-22 00:00:00+09:00,30.0,31.0,30.0,31.0,226400,0.0,0.0
2024-08-23 00:00:00+09:00,31.0,32.0,30.0,32.0,1132200,0.0,0.0
2024-08-26 00:00:00+09:00,31.0,32.0,30.0,31.0,513200,0.0,0.0
2024-08-27 00:00:00+09:00,31.0,33.0,31.0,33.0,917100,0.0,0.0
2024-08-28 00:00:00+09:00,28.0,31.0,28.0,31.0,1814100,0.0,0.0
2024-08-29 00:00:00+09:00,31.0,33.0,30.0,33.0,1157400,0.0,0.0
2024-08-30 00:00:00+09:00,32.0,32.0,31.0,32.0,492900,0.0,0.0
2024-09-02 00:00:00+09:00,33.0,33.0,31.0,31.0,1246400,0.0,0.0
2024-09-03 00:00:00+09:00,32.0,32.0,31.0,32.0,140200,0.0,0.0
2024-09-04 00:00:00+09:00,31.0,32.0,30.0,31.0,854500,0.0,0.0
2024-09-05 00:00:00+09:00,31.0,32.0,30.0,31.0,785300,0.0,0.0
2024-09-06 00:00:00+09:00,31.0,31.0,29.0,29.0,690500,0.0,0.0
2024-09-09 00:00:00+09:00,28.0,30.0,28.0,29.0,429400,0.0,0.0
2024-09-10 00:00:00+09:00,30.0,30.0,29.0,29.0,49600,0.0,0.0
2024-09-11 00:00:00+09:00,30.0,30.0,28.0,29.0,690600,0.0,0.0
2024-09-12 00:00:00+09:00,30.0,30.0,29.0,29.0,82200,0.0,0.0
2024-09-13 00:00:00+09:00,29.0,30.0,28.0,30.0,491000,0.0,0.0
2024-09-17 00:00:00+09:00,29.0,30.0,28.0,28.0,266800,0.0,0.0
2024-09-18 00:00:00+09:00,28.0,29.0,28.0,29.0,339300,0.0,0.0
2024-09-19 00:00:00+09:00,28.0,30.0,28.0,30.0,1010900,0.0,0.0
2024-09-20 00:00:00+09:00,29.0,30.0,29.0,29.0,100300,0.0,0.0
2024-09-24 00:00:00+09:00,30.0,30.0,29.0,29.0,206000,0.0,0.0
2024-09-25 00:00:00+09:00,30.0,31.0,29.0,30.0,1759700,0.0,0.0
2024-09-26 00:00:00+09:00,29.0,30.0,29.0,30.0,137700,0.0,0.0
2024-09-27 00:00:00+09:00,29.0,30.0,29.0,30.0,247000,0.0,0.0
2024-09-30 00:00:00+09:00,29.0,30.0,28.0,30.0,321600,0.0,0.0
2024-10-01 00:00:00+09:00,29.0,32.0,29.0,31.0,1332600,0.0,0.0
2024-10-02 00:00:00+09:00,31.0,31.0,29.0,29.0,288600,0.0,0.0
2024-10-03 00:00:00+09:00,31.0,32.0,30.0,30.0,1170400,0.0,0.0
2024-10-04 00:00:00+09:00,30.0,31.0,29.0,29.0,315300,0.0,0.0
2024-10-07 00:00:00+09:00,30.0,30.0,29.0,30.0,140400,0.0,0.0
2024-10-08 00:00:00+09:00,29.0,30.0,29.0,29.0,110800,0.0,0.0
2024-10-09 00:00:00+09:00,29.0,30.0,29.0,29.0,88500,0.0,0.0
2024-10-10 00:00:00+09:00,29.0,30.0,29.0,29.0,251200,0.0,0.0
2024-10-11 00:00:00+09:00,29.0,30.0,29.0,29.0,168400,0.0,0.0
2024-10-15 00:00:00+09:00,30.0,30.0,29.0,29.0,140900,0.0,0.0
2024-10-16 00:00:00+09:00,29.0,31.0,29.0,31.0,596700,0.0,0.0
2024-10-17 00:00:00+09:00,29.0,30.0,29.0,30.0,152600,0.0,0.0
2024-10-18 00:00:00+09:00,30.0,30.0,29.0,30.0,308000,0.0,0.0
2024-10-21 00:00:00+09:00,29.0,30.0,29.0,30.0,103600,0.0,0.0
2024-10-22 00:00:00+09:00,30.0,30.0,28.0,28.0,475300,0.0,0.0
2024-10-23 00:00:00+09:00,28.0,29.0,28.0,29.0,312100,0.0,0.0
2024-10-24 00:00:00+09:00,28.0,29.0,28.0,29.0,201800,0.0,0.0
2024-10-25 00:00:00+09:00,29.0,29.0,28.0,28.0,155700,0.0,0.0
2024-10-28 00:00:00+09:00,28.0,29.0,27.0,28.0,706600,0.0,0.0
2024-10-29 00:00:00+09:00,29.0,29.0,28.0,28.0,197200,0.0,0.0
2024-10-30 00:00:00+09:00,29.0,30.0,29.0,29.0,284700,0.0,0.0
2024-10-31 00:00:00+09:00,30.0,30.0,29.0,29.0,82100,0.0,0.0
2024-11-01 00:00:00+09:00,29.0,30.0,29.0,30.0,780300,0.0,0.0
2024-11-05 00:00:00+09:00,30.0,30.0,28.0,28.0,455100,0.0,0.0
2024-11-06 00:00:00+09:00,29.0,30.0,28.0,29.0,336500,0.0,0.0
2024-11-07 00:00:00+09:00,29.0,30.0,28.0,29.0,307500,0.0,0.0
2024-11-08 00:00:00+09:00,29.0,30.0,29.0,29.0,278700,0.0,0.0
2024-11-11 00:00:00+09:00,29.0,30.0,29.0,30.0,82200,0.0,0.0
2024-11-12 00:00:00+09:00,29.0,30.0,29.0,29.0,211100,0.0,0.0
2024-11-13 00:00:00+09:00,29.0,29.0,28.0,28.0,670300,0.0,0.0
2024-11-14 00:00:00+09:00,28.0,29.0,28.0,28.0,65200,0.0,0.0
2024-11-15 00:00:00+09:00,28.0,30.0,28.0,29.0,668400,0.0,0.0
2024-11-18 00:00:00+09:00,29.0,30.0,29.0,30.0,103900,0.0,0.0
2024-11-19 00:00:00+09:00,29.0,30.0,29.0,29.0,87000,0.0,0.0
2024-11-20 00:00:00+09:00,29.0,30.0,29.0,30.0,83200,0.0,0.0
2024-11-21 00:00:00+09:00,30.0,30.0,29.0,29.0,148300,0.0,0.0
2024-11-22 00:00:00+09:00,29.0,30.0,29.0,29.0,125700,0.0,0.0
2024-11-25 00:00:00+09:00,30.0,31.0,29.0,30.0,871600,0.0,0.0
2024-11-26 00:00:00+09:00,30.0,32.0,30.0,32.0,2176800,0.0,0.0
2024-11-27 00:00:00+09:00,32.0,32.0,30.0,30.0,814600,0.0,0.0
2024-11-28 00:00:00+09:00,31.0,35.0,30.0,33.0,4868800,0.0,0.0
2024-11-29 00:00:00+09:00,34.0,34.0,30.0,32.0,3037000,0.0,0.0
2024-12-02 00:00:00+09:00,32.0,33.0,31.0,31.0,1330500,0.0,0.0
2024-12-03 00:00:00+09:00,33.0,35.0,32.0,32.0,3171300,0.0,0.0
2024-12-04 00:00:00+09:00,32.0,33.0,31.0,32.0,1105100,0.0,0.0
2024-12-05 00:00:00+09:00,32.0,32.0,30.0,31.0,2054500,0.0,0.0
2024-12-06 00:00:00+09:00,31.0,32.0,30.0,31.0,588500,0.0,0.0
2024-12-09 00:00:00+09:00,32.0,32.0,30.0,32.0,921300,0.0,0.0
2024-12-10 00:00:00+09:00,31.0,31.0,30.0,30.0,515800,0.0,0.0
2024-12-11 00:00:00+09:00,30.0,31.0,30.0,30.0,177100,0.0,0.0
2024-12-12 00:00:00+09:00,31.0,31.0,29.0,29.0,927600,0.0,0.0
2024-12-13 00:00:00+09:00,29.0,30.0,28.0,29.0,1912800,0.0,0.0
2024-12-16 00:00:00+09:00,28.0,30.0,28.0,29.0,653000,0.0,0.0
2024-12-17 00:00:00+09:00,29.0,30.0,28.0,29.0,785400,0.0,0.0
2024-12-18 00:00:00+09:00,29.0,30.0,29.0,29.0,405200,0.0,0.0
2024-12-19 00:00:00+09:00,29.0,30.0,28.0,29.0,464400,0.0,0.0
2024-12-20 00:00:00+09:00,29.0,30.0,29.0,29.0,154500,0.0,0.0
2024-12-23 00:00:00+09:00,30.0,30.0,29.0,29.0,800300,0.0,0.0
2024-12-24 00:00:00+09:00,29.0,30.0,29.0,29.0,286400,0.0,0.0
2024-12-25 00:00:00+09:00,29.0,30.0,29.0,29.0,260100,0.0,0.0
2024-12-26 00:00:00+09:00,29.0,30.0,28.0,29.0,1675600,0.0,0.0
2024-12-27 00:00:00+09:00,29.0,30.0,29.0,30.0,165300,0.0,0.0
2024-12-30 00:00:00+09:00,29.0,31.0,29.0,29.0,897500,0.0,0.0
2025-01-06 00:00:00+09:00,30.0,30.0,29.0,29.0,154000,0.0,0.0
2025-01-07 00:00:00+09:00,29.0,30.0,29.0,29.0,312600,0.0,0.0
2025-01-08 00:00:00+09:00,29.0,30.0,29.0,29.0,462100,0.0,0.0
2025-01-09 00:00:00+09:00,29.0,30.0,28.0,28.0,776600,0.0,0.0
2025-01-10 00:00:00+09:00,28.0,29.0,28.0,29.0,270400,0.0,0.0
2025-01-14 00:00:00+09:00,29.0,29.0,28.0,28.0,195100,0.0,0.0
2025-01-15 00:00:00+09:00,38.0,46.0,37.0,44.0,42325000,0.0,0.0
2025-01-16 00:00:00+09:00,50.0,52.0,39.0,43.0,25477600,0.0,0.0
2025-01-17 00:00:00+09:00,40.0,48.0,38.0,48.0,20826400,0.0,0.0
2025-01-20 00:00:00+09:00,47.0,50.0,45.0,45.0,12043100,0.0,0.0
2025-01-21 00:00:00+09:00,44.0,52.0,42.0,50.0,25961400,0.0,0.0
2025-01-22 00:00:00+09:00,50.0,50.0,46.0,47.0,19114200,0.0,0.0
2025-01-23 00:00:00+09:00,49.0,58.0,49.0,52.0,41500900,0.0,0.0
2025-01-24 00:00:00+09:00,50.0,51.0,45.0,48.0,15541800,0.0,0.0
2025-01-27 00:00:00+09:00,46.0,48.0,41.0,41.0,16882800,0.0,0.0
2025-01-28 00:00:00+09:00,40.0,45.0,40.0,42.0,14059100,0.0,0.0
2025-01-29 00:00:00+09:00,46.0,48.0,42.0,43.0,21112400,0.0,0.0
2025-01-30 00:00:00+09:00,43.0,43.0,41.0,42.0,6079000,0.0,0.0
2025-01-31 00:00:00+09:00,42.0,42.0,40.0,42.0,7183300,0.0,0.0
2025-02-03 00:00:00+09:00,41.0,43.0,40.0,41.0,6772900,0.0,0.0
2025-02-04 00:00:00+09:00,41.0,42.0,38.0,39.0,8669300,0.0,0.0
2025-02-05 00:00:00+09:00,38.0,39.0,37.0,38.0,6172500,0.0,0.0
2025-02-06 00:00:00+09:00,39.0,43.0,38.0,42.0,5535600,0.0,0.0
2025-02-07 00:00:00+09:00,41.0,41.0,38.0,39.0,6152400,0.0,0.0
2025-02-10 00:00:00+09:00,40.0,44.0,40.0,43.0,5692400,0.0,0.0
2025-02-12 00:00:00+09:00,45.0,46.0,43.0,44.0,4469200,0.0,0.0
2025-02-13 00:00:00+09:00,48.0,58.0,45.0,46.0,40820200,0.0,0.0
2025-02-14 00:00:00+09:00,48.0,65.0,47.0,65.0,29406300,0.0,0.0
2025-02-17 00:00:00+09:00,68.0,78.0,61.0,73.0,60891400,0.0,0.0
2025-02-18 00:00:00+09:00,74.0,81.0,69.0,75.0,42465800,0.0,0.0
2025-02-19 00:00:00+09:00,71.0,92.0,70.0,82.0,69026600,0.0,0.0
2025-02-20 00:00:00+09:00,82.0,85.0,76.0,77.0,29855900,0.0,0.0
2025-02-21 00:00:00+09:00,77.0,83.0,67.0,68.0,31183700,0.0,0.0
2025-02-25 00:00:00+09:00,66.0,87.0,66.0,82.0,29537500,0.0,0.0
2025-02-26 00:00:00+09:00,80.0,87.0,76.0,80.0,21660300,0.0,0.0
2025-02-27 00:00:00+09:00,82.0,85.0,76.0,82.0,20797300,0.0,0.0
2025-02-28 00:00:00+09:00,85.0,95.0,78.0,82.0,46792400,0.0,0.0
2025-03-03 00:00:00+09:00,84.0,92.0,80.0,91.0,35208900,0.0,0.0
2025-03-04 00:00:00+09:00,96.0,111.0,93.0,106.0,58711800,0.0,0.0
2025-03-05 00:00:00+09:00,114.0,143.0,112.0,133.0,86280800,0.0,0.0
2025-03-06 00:00:00+09:00,126.0,139.0,121.0,131.0,45796500,0.0,0.0
2025-03-07 00:00:00+09:00,148.0,169.0,137.0,143.0,78841900,0.0,0.0
2025-03-10 00:00:00+09:00,143.0,151.0,134.0,135.0,39192100,0.0,0.0
2025-03-11 00:00:00+09:00,131.0,144.0,126.0,140.0,40024400,0.0,0.0
2025-03-12 00:00:00+09:00,145.0,157.0,143.0,157.0,56578600,0.0,0.0
2025-03-13 00:00:00+09:00,162.0,188.0,161.0,181.0,72943900,0.0,0.0
2025-03-14 00:00:00+09:00,178.0,189.0,166.0,173.0,35493000,0.0,0.0
